0.377635
0.068756
0.0252487
0.0139759
0.0113888
0.00927066
0.00590337
0.00417318
0.00369959
0.00359224
0.00354752
0.00351565
0.00348874
0.00346297
0.00343637
0.00341223
0.00338893
0.00336809
0.00334761
0.00332961
0.00331139
0.0032941
0.00327951
0.00326273
0.00324651
0.003235
0.00322062
0.00320157
0.00318261
0.00315814
0.0031356
0.00311307
0.00309215
0.00306979
0.00304625
0.00302573
0.0030019
0.00298143
0.00296077
0.00294441
0.00292749
0.00291025
0.00289618
0.00288689
0.00287927
0.00287032
0.00286209
0.00285801
0.00285212
0.00284778
0.00284335
0.0028392
0.00283502
0.00283255
0.00283013
0.00282804
0.00282626
0.00282507
0.00282402
0.00282218
0.00282079
0.0028197
0.00281833
0.00281735
0.00281537
0.00281348
0.00281233
0.00281061
0.00280861
0.00280749
0.00280657
0.00280558
0.00280515
0.00280417
0.00280327
0.00280348
0.00280328
0.0028033
