0 0.383013 0.218457 -0.188061
1 0.359408 0.266614 -0.2447
2 0.282209 0.33091 -0.239204
3 0.229701 0.364416 -0.215059
4 0.193671 0.386892 -0.195346
5 0.148485 0.411718 -0.170299
6 0.118048 0.427807 -0.155211
7 0.103027 0.435523 -0.150561
8 0.0967803 0.438551 -0.148674
9 0.0936996 0.439735 -0.147941
10 0.0915097 0.43992 -0.147524
11 0.0898345 0.439789 -0.147588
12 0.0884197 0.439219 -0.147517
13 0.0871349 0.438334 -0.147559
14 0.0858545 0.437298 -0.147626
15 0.0846134 0.436174 -0.147679
16 0.0837931 0.434912 -0.148071
17 0.0828777 0.43376 -0.148267
18 0.0819812 0.4326 -0.148327
19 0.0810499 0.431515 -0.148404
20 0.080267 0.430442 -0.148697
21 0.0795674 0.429345 -0.148952
22 0.0788076 0.428229 -0.149192
23 0.0782631 0.426958 -0.14952
24 0.0776804 0.426015 -0.149775
25 0.0769777 0.425223 -0.149947
26 0.0761616 0.424434 -0.150028
27 0.0752795 0.423688 -0.149981
28 0.0742886 0.422768 -0.149916
29 0.0733507 0.421721 -0.149814
30 0.0723625 0.420819 -0.149598
31 0.0714738 0.419984 -0.149282
32 0.0705326 0.419053 -0.148994
33 0.0695827 0.418146 -0.148908
34 0.0684672 0.417237 -0.148394
35 0.0675909 0.416079 -0.148264
36 0.0671013 0.414938 -0.148419
37 0.0666956 0.413774 -0.148514
38 0.0662275 0.412684 -0.148535
39 0.0657461 0.411543 -0.14888
40 0.0650824 0.410598 -0.149115
41 0.0644129 0.409643 -0.149203
42 0.064009 0.40892 -0.14946
43 0.063496 0.40823 -0.149701
44 0.0632021 0.407626 -0.150074
45 0.062859 0.40702 -0.150205
46 0.0627155 0.406519 -0.150404
47 0.0625808 0.4061 -0.150669
48 0.0623919 0.405782 -0.150779
49 0.062296 0.405529 -0.150953
50 0.0621059 0.405242 -0.15097
51 0.0620262 0.404889 -0.151062
52 0.0619235 0.404637 -0.151104
53 0.0617908 0.404403 -0.151156
54 0.0616388 0.40412 -0.151255
55 0.0615649 0.403968 -0.151297
56 0.0614722 0.403726 -0.151373
57 0.0613371 0.403659 -0.151476
58 0.0611715 0.403592 -0.151546
59 0.0610792 0.403414 -0.151605
60 0.0610055 0.403258 -0.151699
61 0.0609188 0.403127 -0.151707
62 0.0609329 0.402973 -0.151797
63 0.0608746 0.402764 -0.151879
64 0.060858 0.402525 -0.151978
65 0.0607552 0.402339 -0.152049
66 0.0605267 0.402033 -0.152
67 0.0602897 0.40176 -0.151969
68 0.0601468 0.401511 -0.152035
69 0.0600498 0.401238 -0.152111
70 0.0598935 0.401052 -0.152168
71 0.0597655 0.400892 -0.152186
72 0.0596448 0.400731 -0.152258
73 0.0595162 0.400562 -0.15234
74 0.0593997 0.400419 -0.1524
75 0.0593475 0.40032 -0.152416
76 0.0593301 0.400242 -0.152487
77 0.0593017 0.400159 -0.152516
