0 1.40248 -1.38297 0.674005
1 2.3136 -2.11598 -0.351726
2 2.6098 -1.89021 -2.30227
3 2.54473 -1.48525 -3.47234
4 2.46685 -1.18822 -4.27731
5 2.37004 -0.829349 -5.23806
6 2.32811 -0.631078 -5.87947
7 2.34067 -0.582582 -6.19499
8 2.34561 -0.562914 -6.3249
9 2.34939 -0.555745 -6.38571
10 2.35175 -0.55189 -6.41991
11 2.35738 -0.555024 -6.44258
12 2.35947 -0.555552 -6.45541
13 2.36198 -0.557759 -6.46173
14 2.36447 -0.560463 -6.46562
15 2.36637 -0.562898 -6.46755
16 2.37078 -0.56974 -6.46166
17 2.37311 -0.573626 -6.45854
18 2.37364 -0.575353 -6.45476
19 2.37484 -0.577404 -6.45267
20 2.37805 -0.582514 -6.44866
21 2.38058 -0.587093 -6.44312
22 2.3831 -0.591518 -6.438
23 2.38544 -0.596748 -6.42765
24 2.38768 -0.60094 -6.42206
25 2.38925 -0.60399 -6.42026
26 2.3897 -0.605577 -6.41995
27 2.38877 -0.605263 -6.42112
28 2.38725 -0.604873 -6.42139
29 2.38499 -0.603747 -6.41902
30 2.38175 -0.600882 -6.41936
31 2.37709 -0.59615 -6.41962
32 2.37278 -0.591968 -6.41932
33 2.37106 -0.590904 -6.41958
34 2.36495 -0.583474 -6.42215
35 2.36232 -0.581499 -6.41788
36 2.36209 -0.583295 -6.40855
37 2.36082 -0.584027 -6.39781
38 2.3591 -0.583824 -6.38904
39 2.36148 -0.588838 -6.37939
40 2.36326 -0.592673 -6.37518
41 2.36332 -0.594153 -6.37093
42 2.36521 -0.5981 -6.36644
43 2.3675 -0.602129 -6.36371
44 2.37077 -0.607732 -6.35933
45 2.37127 -0.60955 -6.35563
46 2.37238 -0.612195 -6.35074
47 2.37433 -0.615787 -6.34685
48 2.37483 -0.617083 -6.3453
49 2.376 -0.619214 -6.34343
50 2.37549 -0.619203 -6.34242
51 2.37556 -0.620053 -6.33891
52 2.37533 -0.620365 -6.33718
53 2.37548 -0.620956 -6.33595
54 2.37621 -0.622334 -6.33433
55 2.37628 -0.622656 -6.33355
56 2.37675 -0.623645 -6.33154
57 2.37788 -0.625179 -6.33278
58 2.37863 -0.626317 -6.33428
59 2.37874 -0.627005 -6.33322
60 2.37934 -0.628198 -6.33222
61 2.37902 -0.628046 -6.33175
62 2.3795 -0.629099 -6.32963
63 2.37995 -0.630209 -6.32781
64 2.38043 -0.631413 -6.32506
65 2.38093 -0.63235 -6.32426
66 2.38024 -0.631644 -6.32337
67 2.37983 -0.631215 -6.32302
68 2.3803 -0.632113 -6.32176
69 2.38079 -0.633159 -6.3195
70 2.38146 -0.634065 -6.3194
71 2.38157 -0.63437 -6.31917
72 2.3824 -0.635467 -6.31892
73 2.38343 -0.636865 -6.31856
74 2.38415 -0.637885 -6.31834
75 2.38423 -0.638112 -6.31773
76 2.38489 -0.639151 -6.31687
77 2.38504 -0.639564 -6.31618
