0.00615512
0.00613819
0.00612292
0.00610793
0.00609188
0.00607771
0.00606809
0.0060601
0.00605224
0.00604487
0.00603865
0.00602783
0.00602043
0.00601536
0.00601041
0.00600397
0.00599664
0.00599105
0.00598626
0.00598265
0.00597839
0.00597504
0.0059722
0.00597004
0.00596935
0.00596744
0.00596607
0.00596489
0.0059633
0.00596169
0.00596032
0.00595844
0.00595744
0.00595486
0.00595321
0.00595156
0.00595129
0.00594936
0.00594748
0.00594645
0.00594481
0.00594258
0.00593947
0.00593666
0.00593355
0.00593102
0.00592903
0.00592716
0.00592469
0.00592397
0.00592214
0.00592127
0.00592137
0.00592039
0.0059199
0.0059193
0.00591886
0.0059184
0.00591867
0.00591828
0.00591823
