0 0.349613 0.174271 -0.263065
1 0.350078 0.174125 -0.264213
2 0.350663 0.17413 -0.265342
3 0.351013 0.174165 -0.266427
4 0.351387 0.174233 -0.267545
5 0.351683 0.174272 -0.268384
6 0.351742 0.174406 -0.269177
7 0.351746 0.1746 -0.269944
8 0.351561 0.174845 -0.27061
9 0.351362 0.175192 -0.271177
10 0.351116 0.175526 -0.27181
11 0.351026 0.175959 -0.27259
12 0.351083 0.176322 -0.273071
13 0.351186 0.176672 -0.273524
14 0.351364 0.177122 -0.273871
15 0.351427 0.177558 -0.274332
16 0.351648 0.177828 -0.274565
17 0.351844 0.178185 -0.27466
18 0.352056 0.178506 -0.274852
19 0.352292 0.178751 -0.274967
20 0.352598 0.178868 -0.274994
21 0.352956 0.178985 -0.275087
22 0.353276 0.179067 -0.275219
23 0.353494 0.179126 -0.275363
24 0.353705 0.17919 -0.275533
25 0.353839 0.179266 -0.275704
26 0.353898 0.179353 -0.275786
27 0.353894 0.17948 -0.275862
28 0.353803 0.179619 -0.275756
29 0.353689 0.179765 -0.275569
30 0.353514 0.179977 -0.275455
31 0.353425 0.180176 -0.275316
32 0.353342 0.180465 -0.275193
33 0.353324 0.18065 -0.275188
34 0.353105 0.180859 -0.275072
35 0.352966 0.181196 -0.274892
36 0.352982 0.181533 -0.274641
37 0.3529 0.181831 -0.274449
38 0.352912 0.182016 -0.274242
39 0.352829 0.182222 -0.274
40 0.352874 0.182352 -0.273644
41 0.352984 0.182496 -0.273309
42 0.353254 0.182717 -0.272824
43 0.35355 0.1829 -0.272528
44 0.3537 0.18309 -0.272267
45 0.353923 0.183275 -0.271909
46 0.353985 0.183552 -0.271511
47 0.354054 0.183833 -0.271106
48 0.354186 0.184018 -0.270903
49 0.354515 0.184136 -0.270733
50 0.35479 0.184242 -0.27053
51 0.354971 0.184269 -0.270285
52 0.355074 0.184321 -0.270081
53 0.355206 0.18438 -0.269867
54 0.355335 0.184459 -0.269708
55 0.355446 0.184586 -0.269503
56 0.355503 0.184669 -0.269243
57 0.355511 0.184693 -0.26894
58 0.355431 0.184744 -0.268682
59 0.355402 0.184795 -0.268437
60 0.355346 0.184864 -0.268111
