0 2.01437 -3.01862 1.00993
1 2.02748 -3.03536 1.01696
2 2.04046 -3.05199 1.02322
3 2.05328 -3.06757 1.02631
4 2.06662 -3.0836 1.02919
5 2.07644 -3.09546 1.03176
6 2.08588 -3.10643 1.03005
7 2.09526 -3.11695 1.02657
8 2.10354 -3.12571 1.02029
9 2.11086 -3.1331 1.01221
10 2.11909 -3.14121 1.00378
11 2.1292 -3.15207 0.995586
12 2.13564 -3.15837 0.990257
13 2.14187 -3.16434 0.985795
14 2.14719 -3.1687 0.980865
15 2.15377 -3.17478 0.974812
16 2.15749 -3.17737 0.973266
17 2.15983 -3.17782 0.969858
18 2.16317 -3.18004 0.967261
19 2.16553 -3.1811 0.966311
20 2.16661 -3.18085 0.96806
21 2.16829 -3.18191 0.970305
22 2.17035 -3.1836 0.972735
23 2.17251 -3.18526 0.974272
24 2.17494 -3.18743 0.975532
25 2.17737 -3.18964 0.975609
26 2.17889 -3.19031 0.974708
27 2.18032 -3.19085 0.972307
28 2.17951 -3.18838 0.968546
29 2.17774 -3.18451 0.964394
30 2.17703 -3.1819 0.958439
31 2.17591 -3.179 0.95378
32 2.17504 -3.1764 0.947798
33 2.17556 -3.17571 0.944419
34 2.17484 -3.17296 0.938334
35 2.17349 -3.16931 0.930919
36 2.17137 -3.16468 0.925577
37 2.16992 -3.161 0.919943
38 2.16805 -3.15716 0.917174
39 2.16567 -3.15251 0.912821
40 2.16181 -3.14612 0.911286
41 2.1582 -3.13997 0.910134
42 2.15292 -3.13148 0.909562
43 2.14972 -3.12619 0.909722
44 2.14707 -3.12126 0.908058
45 2.14317 -3.11503 0.907395
46 2.13896 -3.10804 0.903372
47 2.13482 -3.10094 0.899311
48 2.13298 -3.09725 0.897525
49 2.13132 -3.09436 0.899233
50 2.12915 -3.09094 0.900593
51 2.12641 -3.08684 0.902191
52 2.1242 -3.08335 0.902482
53 2.12185 -3.07977 0.902966
54 2.1202 -3.07706 0.903089
55 2.11803 -3.07373 0.902233
56 2.11514 -3.06941 0.901486
57 2.11165 -3.06437 0.901128
58 2.10873 -3.05998 0.89927
59 2.10595 -3.05577 0.898031
60 2.10228 -3.05009 0.896181
