6.08744
1.81763
1.17057
0.887481
0.742551
0.633867
0.556573
0.501323
0.458979
0.426759
0.400891
0.380185
0.36517
0.353989
0.34507
0.336967
0.329951
0.323686
0.318468
0.314033
0.309695
0.305455
0.301328
0.297775
0.294586
0.291724
0.288821
0.286785
0.283817
0.28064
0.277545
0.275027
0.272764
0.270312
0.267573
0.26457
0.261443
0.258944
0.245121
0.229885
0.216446
0.195387
0.177855
0.168717
0.162695
0.154029
0.14279
0.135236
0.131567
0.124871
0.116304
0.108586
0.102589
0.0986299
0.0958709
0.0932807
0.0911082
0.0892181
0.0871358
0.0851811
0.0830966
0.0812386
0.0799655
0.0788057
0.0774491
0.0764335
0.0756757
0.0749705
0.0744182
0.0738736
0.0732503
0.072793
0.0724041
0.0718789
0.0714915
0.0712252
0.0710498
0.0708324
0.0705985
0.0704314
0.0702651
0.0701665
0.0702074
0.0700828
0.0699095
0.0699052
0.0698989
0.0698719
0.0698219
0.0697901
0.0697922
0.0697563
0.0698169
0.0699871
0.0699873
0.0699684
0.069869
0.0698834
0.0699011
0.0698953
