0 -0.223877 -0.0726896 -0.174488
1 -0.221251 -0.227829 -0.144128
2 -0.207247 -0.326129 -0.134395
3 -0.205508 -0.386126 -0.132381
4 -0.203908 -0.427408 -0.13643
5 -0.212853 -0.466342 -0.125076
6 -0.230456 -0.504559 -0.106066
7 -0.248593 -0.540356 -0.0908606
8 -0.255121 -0.568946 -0.0816431
9 -0.255034 -0.590932 -0.0745127
10 -0.252752 -0.608569 -0.0698784
11 -0.249854 -0.621505 -0.0656995
12 -0.245843 -0.631216 -0.0605712
13 -0.241842 -0.638365 -0.0538493
14 -0.238044 -0.644179 -0.0457804
15 -0.234173 -0.649093 -0.0367065
16 -0.230946 -0.653146 -0.0275471
17 -0.229014 -0.656183 -0.0197419
18 -0.227409 -0.657738 -0.0130001
19 -0.225947 -0.658133 -0.00639152
20 -0.223081 -0.656969 -0.000308149
21 -0.219983 -0.654231 0.00523172
22 -0.216314 -0.650083 0.0101375
23 -0.211287 -0.644583 0.0156114
24 -0.203637 -0.6374 0.0215752
25 -0.194422 -0.62783 0.0274371
26 -0.185064 -0.616393 0.0328083
27 -0.176408 -0.602791 0.0381875
28 -0.168048 -0.587981 0.0437597
29 -0.159917 -0.572145 0.0494888
30 -0.15183 -0.55576 0.0548047
31 -0.144095 -0.537877 0.0599802
32 -0.136352 -0.518146 0.0654291
33 -0.128735 -0.495921 0.0709595
34 -0.120532 -0.472193 0.0771827
35 -0.110748 -0.446794 0.0833804
36 -0.0968567 -0.419664 0.0883557
37 -0.0806418 -0.389249 0.0939299
38 -0.0654862 -0.356556 0.0983656
39 -0.0542226 -0.323278 0.104151
40 -0.0439787 -0.290037 0.111439
41 -0.0358637 -0.257879 0.120124
42 -0.0304046 -0.227153 0.128218
43 -0.0241378 -0.197553 0.137302
44 -0.0163757 -0.167854 0.147632
45 -0.00772615 -0.139429 0.157955
46 0.00297488 -0.113646 0.169754
47 0.0128831 -0.0900431 0.181221
48 0.0219539 -0.0676406 0.193208
49 0.0294444 -0.047127 0.202802
50 0.0356028 -0.0286574 0.210987
51 0.0408506 -0.0126157 0.219685
52 0.0451702 0.000990962 0.227813
53 0.0485537 0.0129818 0.235312
54 0.0508731 0.023909 0.242319
55 0.052478 0.0336188 0.248697
56 0.0535805 0.0424653 0.254481
57 0.0547092 0.0505241 0.260467
58 0.0561635 0.0577715 0.265904
59 0.0582315 0.064572 0.271146
60 0.0607947 0.0710726 0.275836
61 0.0629683 0.0766698 0.280163
62 0.065137 0.0818495 0.284056
63 0.0670872 0.0864739 0.287531
64 0.0692557 0.0904686 0.290649
65 0.0715686 0.0938678 0.293254
66 0.0738129 0.0970247 0.295574
67 0.0758017 0.0998312 0.297753
68 0.0778113 0.102465 0.299826
69 0.079729 0.105015 0.301755
70 0.0815766 0.107534 0.303633
71 0.0830805 0.109963 0.305225
72 0.0848219 0.112363 0.3069
73 0.0864308 0.114443 0.308215
74 0.0878846 0.116478 0.309346
75 0.0892103 0.118405 0.310422
76 0.0904451 0.120042 0.311409
77 0.0916275 0.121443 0.312288
78 0.0926831 0.122572 0.313032
79 0.0936204 0.12361 0.31369
80 0.0944294 0.124557 0.314219
81 0.0953706 0.125443 0.31472
82 0.0962551 0.126259 0.315242
83 0.0971288 0.127162 0.315795
84 0.0979503 0.128029 0.316312
85 0.0986596 0.128887 0.316827
86 0.0995674 0.129755 0.317294
87 0.100419 0.130646 0.317762
88 0.101101 0.131353 0.318209
89 0.101652 0.131945 0.318454
90 0.102134 0.132554 0.318689
91 0.102698 0.133185 0.318978
92 0.103353 0.13399 0.319266
93 0.104046 0.134833 0.319496
94 0.104625 0.135682 0.319764
95 0.105223 0.136545 0.32001
96 0.105648 0.137407 0.320222
97 0.10611 0.138236 0.320397
98 0.106473 0.138997 0.320599
99 0.106862 0.139809 0.320836
