0 -0.939928 2.20597 0.0667061
1 -1.82919 3.04097 2.50166
2 -2.28142 3.33468 4.04203
3 -2.59596 3.54056 4.82055
4 -2.77249 3.6202 5.30411
5 -3.17833 4.02427 5.63589
6 -3.72469 4.6231 5.85986
7 -4.21118 5.16257 6.04677
8 -4.50298 5.46929 6.27177
9 -4.69379 5.65751 6.49002
10 -4.81923 5.7745 6.67939
11 -4.92185 5.86428 6.821
12 -5.01697 5.9439 6.94019
13 -5.12714 6.03925 7.03297
14 -5.25444 6.15172 7.11035
15 -5.39197 6.27351 7.18055
16 -5.53435 6.40114 7.23577
17 -5.66774 6.52117 7.26737
18 -5.78598 6.6282 7.28223
19 -5.90124 6.73446 7.28603
20 -5.99287 6.81708 7.29196
21 -6.0731 6.88871 7.28622
22 -6.13688 6.94356 7.27474
23 -6.19267 6.99154 7.26809
24 -6.22741 7.01793 7.27868
25 -6.24319 7.02607 7.28788
26 -6.24892 7.02474 7.28541
27 -6.25966 7.02864 7.2579
28 -6.2738 7.03615 7.21971
29 -6.29012 7.0468 7.17308
30 -6.29902 7.05088 7.12481
31 -6.30641 7.05484 7.06186
32 -6.31585 7.06313 6.98631
33 -6.32676 7.07485 6.89138
34 -6.3442 7.09271 6.79712
35 -6.35097 7.09923 6.71614
36 -6.31392 7.05911 6.68541
37 -6.2771 7.0167 6.66749
38 -6.23984 6.9745 6.62631
39 -6.25687 6.98404 6.53143
40 -6.31109 7.02825 6.43032
41 -6.40709 7.11249 6.31542
42 -6.51477 7.20866 6.17899
43 -6.63265 7.31836 6.06989
44 -6.7627 7.44248 5.99019
45 -6.89231 7.56726 5.94382
46 -7.03659 7.70939 5.96127
47 -7.18053 7.85367 5.98784
48 -7.33674 8.011 6.01296
49 -7.46767 8.14245 6.02935
50 -7.58535 8.25962 6.04185
51 -7.71546 8.38831 6.05911
52 -7.84088 8.51128 6.07704
53 -7.9608 8.62791 6.0885
54 -8.07718 8.73977 6.08663
55 -8.1859 8.84373 6.07715
56 -8.28683 8.93929 6.06227
57 -8.39065 9.03703 6.052
58 -8.48579 9.1261 6.0518
59 -8.57683 9.21128 6.06622
60 -8.65912 9.28835 6.09188
61 -8.73666 9.36023 6.11368
62 -8.80766 9.42558 6.13707
63 -8.87197 9.4849 6.15806
64 -8.92987 9.5385 6.18584
65 -8.97902 9.58412 6.218
66 -9.02331 9.62545 6.24883
67 -9.06536 9.66411 6.27555
68 -9.10512 9.70108 6.30268
69 -9.14193 9.73572 6.32798
70 -9.17761 9.76948 6.35158
71 -9.20878 9.79927 6.3686
72 -9.24039 9.82945 6.39023
73 -9.26637 9.85425 6.41053
74 -9.28936 9.87619 6.4282
75 -9.31104 9.89691 6.44379
76 -9.33067 9.91619 6.45876
77 -9.34845 9.93351 6.47377
78 -9.36363 9.94846 6.48741
79 -9.37711 9.96176 6.49929
80 -9.38845 9.97301 6.50908
81 -9.39923 9.98352 6.52187
82 -9.41016 9.99411 6.53377
83 -9.42135 10.0049 6.54517
84 -9.43179 10.0151 6.55574
85 -9.44217 10.0251 6.56435
86 -9.45137 10.034 6.5768
87 -9.46032 10.0427 6.58809
88 -9.46882 10.0511 6.59688
89 -9.47429 10.0564 6.60353
90 -9.47938 10.0616 6.60892
91 -9.485 10.0675 6.61587
92 -9.49059 10.0734 6.62405
93 -9.49517 10.0784 6.63272
94 -9.50027 10.0837 6.63916
95 -9.50493 10.0887 6.64603
96 -9.50917 10.0931 6.64972
97 -9.5127 10.097 6.65421
98 -9.51667 10.1012 6.65712
99 -9.5211 10.1058 6.66024
