0.0331179
0.024816
0.0200842
0.0170022
0.0150103
0.0136192
0.0124878
0.0115257
0.0107865
0.0101477
0.00959922
0.00906533
0.00859468
0.00818631
0.0077932
0.0074558
0.00714028
0.00686657
0.00660222
0.00637682
0.0061743
0.00598795
0.00582266
0.00569188
0.0055693
0.00545309
0.00534105
0.00522463
0.00511615
0.00502973
0.00494905
0.00486068
0.00477809
0.00469314
0.00461293
0.00453806
0.00447604
0.00441512
0.00435775
0.00430932
0.0042615
0.00420954
0.00416454
0.00412062
0.00407902
0.00403895
0.00400552
0.00397296
0.00394174
0.00390979
0.00387416
0.0038372
0.00380188
0.00376591
0.0037283
0.00369069
0.00365727
0.003626
0.00359799
0.00357063
0.00354881
0.0035279
0.00350066
0.00347213
0.00344822
0.00342485
0.00340364
0.00338656
0.00336618
0.00334736
0.003331
0.00331239
0.00329182
0.00327459
0.00325853
0.00324353
0.00323092
0.00321813
0.00320144
0.00318503
0.00316806
0.00314883
0.00312909
0.0031108
0.00309309
0.0030724
0.00305195
0.00303361
0.00301641
0.00300293
0.00299132
0.00298261
0.00297119
0.00295997
0.00294813
0.00293812
0.0029296
0.00291976
0.00290855
0.00289798
