0 0.331303 0.193901 -0.258387
1 0.315448 0.208789 -0.256577
2 0.301906 0.219544 -0.253964
3 0.292215 0.226589 -0.252695
4 0.284803 0.23281 -0.251512
5 0.277575 0.237862 -0.249316
6 0.270378 0.243273 -0.247105
7 0.265183 0.247363 -0.245867
8 0.259538 0.251574 -0.244281
9 0.254714 0.255362 -0.242968
10 0.249794 0.258967 -0.241203
11 0.245039 0.262301 -0.238139
12 0.241021 0.265434 -0.235419
13 0.237356 0.268485 -0.232658
14 0.234681 0.27053 -0.230668
15 0.232046 0.272968 -0.22927
16 0.229403 0.274764 -0.228583
17 0.226904 0.27633 -0.228514
18 0.224822 0.277055 -0.22885
19 0.222922 0.277647 -0.229394
20 0.220981 0.278358 -0.230233
21 0.218652 0.279396 -0.230979
22 0.216765 0.280302 -0.231774
23 0.214441 0.281286 -0.232643
24 0.212565 0.282602 -0.233571
25 0.210483 0.283979 -0.23424
26 0.207835 0.285648 -0.234591
27 0.205545 0.287144 -0.234716
28 0.203956 0.288063 -0.234629
29 0.202818 0.288689 -0.234833
30 0.201302 0.289599 -0.23474
31 0.200074 0.290236 -0.234686
32 0.199471 0.290744 -0.234573
33 0.199067 0.291375 -0.234335
34 0.198872 0.291799 -0.233608
35 0.198002 0.292154 -0.232635
36 0.197289 0.292473 -0.231825
37 0.196724 0.29249 -0.231455
38 0.195718 0.292709 -0.231011
39 0.194324 0.293115 -0.230283
40 0.192144 0.293975 -0.229747
41 0.190477 0.294866 -0.229694
42 0.188751 0.295891 -0.229559
43 0.187026 0.296991 -0.229343
44 0.185538 0.298053 -0.228937
45 0.184099 0.299055 -0.228479
46 0.182403 0.299799 -0.227811
47 0.180815 0.30062 -0.227408
48 0.179061 0.301349 -0.227091
49 0.176992 0.302296 -0.226872
50 0.174758 0.303381 -0.226849
51 0.172564 0.304422 -0.226866
52 0.170215 0.305511 -0.226599
53 0.167894 0.306618 -0.22652
54 0.165326 0.307958 -0.226215
55 0.16341 0.309065 -0.226018
56 0.161647 0.310342 -0.225825
57 0.160127 0.311436 -0.225535
58 0.158873 0.312484 -0.22565
59 0.157748 0.313367 -0.225714
60 0.156765 0.314109 -0.22577
61 0.155376 0.31503 -0.225578
62 0.153836 0.31616 -0.22546
63 0.152667 0.317145 -0.225374
64 0.151437 0.318159 -0.225375
65 0.150408 0.319095 -0.22516
66 0.149257 0.319825 -0.225034
67 0.148099 0.320736 -0.225018
68 0.146907 0.321429 -0.225124
69 0.1458 0.32222 -0.224966
70 0.144833 0.323018 -0.224896
71 0.143834 0.323797 -0.224955
72 0.142915 0.324493 -0.224969
73 0.142212 0.325079 -0.22498
74 0.141418 0.325661 -0.225046
75 0.140862 0.32586 -0.225158
76 0.140314 0.326081 -0.225265
77 0.139627 0.326207 -0.225518
78 0.139255 0.326478 -0.226092
79 0.13912 0.326912 -0.226721
80 0.138818 0.327033 -0.227113
81 0.138387 0.327217 -0.227361
82 0.137772 0.327399 -0.227511
83 0.137307 0.327444 -0.227695
84 0.137028 0.327438 -0.228084
85 0.136601 0.327352 -0.22837
86 0.135721 0.32725 -0.228399
87 0.134669 0.327256 -0.228098
88 0.133915 0.327167 -0.227862
89 0.133316 0.327005 -0.227489
90 0.132958 0.326849 -0.227094
91 0.132453 0.326705 -0.226646
92 0.131938 0.326434 -0.226218
93 0.131175 0.326254 -0.225621
94 0.130317 0.326342 -0.225252
95 0.129575 0.326441 -0.224862
96 0.128893 0.326489 -0.224162
97 0.128182 0.326388 -0.223423
98 0.127255 0.326298 -0.222705
99 0.126142 0.326167 -0.221846
