0 2.02567 -2.8422 0.487882
1 2.0558 -2.73801 0.0700035
2 2.06508 -2.63764 -0.257253
3 2.07817 -2.57431 -0.481031
4 2.08726 -2.52217 -0.666145
5 2.0827 -2.45755 -0.83044
6 2.07908 -2.39512 -1.0006
7 2.08275 -2.35353 -1.12654
8 2.08303 -2.30819 -1.25987
9 2.08496 -2.26968 -1.37673
10 2.08071 -2.22419 -1.49121
11 2.0605 -2.15858 -1.59985
12 2.042 -2.10039 -1.69731
13 2.02177 -2.0416 -1.78927
14 2.00751 -1.99653 -1.85309
15 2.00062 -1.9615 -1.92284
16 2.00079 -1.93909 -1.98267
17 2.00803 -1.92682 -2.03733
18 2.01739 -1.92201 -2.07344
19 2.02858 -1.92109 -2.10496
20 2.04384 -1.92567 -2.13905
21 2.05894 -1.92923 -2.18322
22 2.07393 -1.93461 -2.22012
23 2.09041 -1.94185 -2.26385
24 2.108 -1.95037 -2.30707
25 2.1227 -1.95483 -2.35403
26 2.13488 -1.95453 -2.41194
27 2.14378 -1.95044 -2.46231
28 2.14821 -1.94352 -2.49509
29 2.15494 -1.94142 -2.51795
30 2.15901 -1.93431 -2.54977
31 2.16228 -1.92776 -2.5742
32 2.16359 -1.91985 -2.58884
33 2.16322 -1.91011 -2.60233
34 2.15637 -1.89241 -2.61005
35 2.14757 -1.87173 -2.62511
36 2.14008 -1.85353 -2.63773
37 2.13715 -1.8425 -2.64358
38 2.13428 -1.831 -2.65831
39 2.12884 -1.81534 -2.68082
40 2.12757 -1.80299 -2.72031
41 2.13136 -1.79871 -2.75428
42 2.13431 -1.79315 -2.79091
43 2.13627 -1.78648 -2.82903
44 2.1355 -1.77653 -2.86361
45 2.13376 -1.76607 -2.89677
46 2.12942 -1.7526 -2.92905
47 2.1283 -1.74344 -2.96119
48 2.12828 -1.73574 -2.99419
49 2.13057 -1.72992 -3.03426
50 2.13573 -1.72738 -3.07888
51 2.14119 -1.72567 -3.12217
52 2.14355 -1.71951 -3.16818
53 2.14823 -1.71619 -3.21414
54 2.15099 -1.70953 -3.26679
55 2.15368 -1.70427 -3.30768
56 2.15628 -1.69929 -3.34947
57 2.15681 -1.69247 -3.38517
58 2.16173 -1.6921 -3.41655
59 2.16586 -1.69118 -3.44371
60 2.16938 -1.69007 -3.46713
61 2.17101 -1.68491 -3.49845
62 2.17391 -1.68101 -3.53495
63 2.17638 -1.67757 -3.5645
64 2.18001 -1.67574 -3.59514
65 2.1804 -1.67036 -3.62206
66 2.18169 -1.66689 -3.64739
67 2.18458 -1.6652 -3.67552
68 2.18854 -1.66537 -3.70083
69 2.18943 -1.66139 -3.72674
70 2.19118 -1.65855 -3.75097
71 2.19451 -1.65767 -3.7752
72 2.19726 -1.65613 -3.79752
73 2.19959 -1.65447 -3.8152
74 2.20263 -1.65375 -3.83379
75 2.20524 -1.6538 -3.8436
76 2.2078 -1.65379 -3.85372
77 2.21207 -1.6559 -3.86404
78 2.21974 -1.66293 -3.87283
79 2.22799 -1.67047 -3.88135
80 2.23322 -1.67421 -3.88692
81 2.23685 -1.67568 -3.89506
82 2.23952 -1.67585 -3.90542
83 2.24224 -1.67655 -3.91164
84 2.24683 -1.68017 -3.91459
85 2.25034 -1.68225 -3.91825
86 2.25151 -1.68093 -3.92739
87 2.24923 -1.67443 -3.94028
88 2.24703 -1.66901 -3.94804
89 2.24293 -1.66124 -3.95261
90 2.23797 -1.65323 -3.95436
91 2.23276 -1.64429 -3.95818
92 2.22765 -1.63584 -3.95977
93 2.2211 -1.62479 -3.96582
94 2.21795 -1.61776 -3.97732
95 2.21443 -1.61046 -3.98761
96 2.2072 -1.59787 -3.99633
97 2.19939 -1.58445 -4.00301
98 2.19217 -1.5718 -4.01259
99 2.18371 -1.55691 -4.02375
