2.43887
1.02021
0.639743
0.476306
0.384446
0.321951
0.277107
0.24369
0.217471
0.196737
0.179634
0.165324
0.153719
0.143569
0.134807
0.12719
0.120735
0.11478
0.109452
0.104797
0.100685
0.096592
0.0931196
0.0898129
0.0867524
0.0838596
0.0811557
0.0785283
0.0763507
0.0742844
0.0723283
0.0703787
0.0686336
0.0669927
0.0653925
0.0637116
0.06229
0.0606971
0.0594315
0.0581678
0.0570685
0.055932
0.0547024
0.0535495
0.0524444
0.05147
0.0504135
0.0495036
0.0486304
0.0478047
0.0470447
0.0463686
0.0456369
0.0449092
0.0442751
0.0435991
0.0429169
0.0422724
0.0416411
0.0410629
0.0405623
0.0401177
0.0395971
0.0391403
0.0386901
0.0382035
0.0377564
0.0373388
0.0368255
0.0363439
0.0359527
0.0355859
0.0352146
0.0348387
0.0345359
0.0341332
0.0337859
0.0334463
0.0330834
0.0328236
0.0325321
0.0322023
0.0318993
0.0316235
0.0313332
0.0310468
0.0307535
0.030503
0.0302845
0.0300852
0.0299008
0.0296489
0.0294028
0.0291859
0.0289404
0.0286892
0.0284701
0.0282706
0.0280768
0.0278987
