0 0.0618111 0.12577 -0.324009
1 -0.0463485 0.0936225 -0.334886
2 -0.0960245 0.0694149 -0.320849
3 -0.118876 0.0502685 -0.296554
4 -0.127931 0.0359514 -0.268996
5 -0.129622 0.0256166 -0.241511
6 -0.127438 0.0185287 -0.216053
7 -0.123237 0.0138773 -0.192424
8 -0.118187 0.0109489 -0.171577
9 -0.112677 0.00937638 -0.153339
10 -0.107131 0.00900065 -0.136935
11 -0.102137 0.00926704 -0.122563
12 -0.097046 0.0103514 -0.109572
13 -0.0926726 0.0115232 -0.0981618
14 -0.0880464 0.0131112 -0.0883376
15 -0.0842065 0.0155831 -0.0796579
16 -0.0800856 0.0182756 -0.0717028
17 -0.0764974 0.0208265 -0.0643972
18 -0.0728543 0.0235782 -0.0578595
19 -0.0688737 0.0263969 -0.0517757
20 -0.0653016 0.029339 -0.0460474
21 -0.0617201 0.032378 -0.0409801
22 -0.0584576 0.0353302 -0.0366482
23 -0.0553507 0.0381094 -0.0325346
24 -0.0523779 0.0407093 -0.0287381
25 -0.0491588 0.0432213 -0.0254241
26 -0.0459171 0.045695 -0.0222089
27 -0.0429778 0.0480303 -0.0191793
28 -0.0400451 0.0501597 -0.0162247
29 -0.0368625 0.0520331 -0.0134571
30 -0.0336734 0.0536897 -0.0109159
31 -0.0306968 0.055376 -0.00810849
32 -0.027972 0.0569188 -0.00534784
33 -0.0251561 0.0582675 -0.0026223
34 -0.022272 0.0595252 3.17766e-05
35 -0.0195236 0.0609033 0.00254435
36 -0.0169176 0.0621179 0.00511063
37 -0.014312 0.0632165 0.00734896
38 -0.0118021 0.0643222 0.00941161
39 -0.00908174 0.0653599 0.011249
40 -0.0063106 0.0661347 0.0130307
41 -0.0037341 0.06693 0.014667
42 -0.00104069 0.0675189 0.0163985
43 0.00155557 0.0678958 0.0183053
44 0.00441525 0.068154 0.0201912
45 0.00706772 0.0683813 0.0222568
46 0.00965504 0.0685398 0.0244573
47 0.012106 0.0687519 0.026387
48 0.0141003 0.068924 0.0282444
49 0.0157045 0.0691183 0.0300875
50 0.0174058 0.069099 0.0319193
51 0.0190737 0.069228 0.0336406
52 0.0206745 0.0694739 0.0354077
53 0.0225051 0.0695314 0.0370288
54 0.0240531 0.0696649 0.0386713
55 0.0257393 0.0696798 0.0400722
56 0.0273698 0.0695625 0.0415251
57 0.02888 0.0695171 0.0428108
58 0.0303121 0.0694124 0.0440666
59 0.0317475 0.0693744 0.0453173
60 0.033149 0.0694239 0.0464537
61 0.0345868 0.0693445 0.047434
62 0.0359735 0.0692243 0.0484832
63 0.0375207 0.0691268 0.0494519
64 0.0391021 0.0687071 0.0504109
65 0.0406514 0.0681723 0.0515844
66 0.0421435 0.0677739 0.0528061
67 0.0434965 0.0673924 0.0540456
68 0.0448567 0.0670974 0.0551193
69 0.0460237 0.0668296 0.0561493
70 0.0470481 0.066568 0.0571211
71 0.0480484 0.0663011 0.058139
72 0.048936 0.0660252 0.0589745
73 0.0495356 0.0657305 0.0596833
74 0.0503481 0.065484 0.0603979
75 0.0507579 0.0652425 0.0612281
76 0.0511778 0.0651016 0.0619878
77 0.0513733 0.0650156 0.0627312
78 0.0516338 0.0650489 0.0634871
79 0.0519242 0.0650852 0.0641906
80 0.0521506 0.0650995 0.0649946
81 0.052211 0.0651602 0.0657396
82 0.0522544 0.0652312 0.0666794
83 0.0521956 0.0652534 0.067851
84 0.0522715 0.0653689 0.0689878
85 0.0522252 0.0655419 0.0701749
86 0.0522963 0.0656887 0.0712891
87 0.0522987 0.0658407 0.0723083
88 0.0524248 0.0659535 0.0734193
89 0.0526157 0.0661407 0.0744272
90 0.0527887 0.0662326 0.0754352
91 0.0528638 0.0662009 0.0764989
92 0.0528662 0.0662926 0.0776016
93 0.0528119 0.0664278 0.0787547
94 0.0529213 0.0665341 0.0796738
95 0.0531234 0.0665301 0.0805063
96 0.0533752 0.0666002 0.0815351
97 0.0535673 0.0666738 0.0825868
98 0.0538449 0.0667741 0.0836157
99 0.0541161 0.0669497 0.0845185
