0 1.80906 -2.75888 -1.04824
1 1.41765 -2.41131 -1.56713
2 0.919071 -1.8705 -1.66509
3 0.398275 -1.27149 -1.59711
4 -0.100788 -0.682183 -1.47529
5 -0.559942 -0.135653 -1.34183
6 -0.967729 0.350661 -1.21634
7 -1.33674 0.788842 -1.10333
8 -1.66035 1.17039 -1.00405
9 -1.94319 1.50096 -0.916059
10 -2.19799 1.79537 -0.843032
11 -2.42338 2.05446 -0.784365
12 -2.62682 2.28736 -0.733842
13 -2.80862 2.49391 -0.693427
14 -2.96779 2.67177 -0.653679
15 -3.11081 2.83122 -0.636437
16 -3.24233 2.9763 -0.616786
17 -3.36466 3.11047 -0.602382
18 -3.47544 3.23069 -0.58874
19 -3.5783 3.34114 -0.569896
20 -3.67601 3.44612 -0.557946
21 -3.76381 3.53954 -0.545891
22 -3.84153 3.62172 -0.537063
23 -3.91579 3.69997 -0.528113
24 -3.98592 3.77282 -0.518952
25 -4.04871 3.83672 -0.504307
26 -4.10945 3.89844 -0.488562
27 -4.16754 3.957 -0.475531
28 -4.2237 4.0138 -0.459927
29 -4.27673 4.06677 -0.436735
30 -4.32641 4.11615 -0.41063
31 -4.37963 4.16948 -0.387785
32 -4.43235 4.22202 -0.367006
33 -4.48445 4.27331 -0.34231
34 -4.53543 4.32309 -0.315038
35 -4.58448 4.37056 -0.290985
36 -4.63404 4.41861 -0.267402
37 -4.67863 4.46127 -0.24215
38 -4.72054 4.50127 -0.21815
39 -4.75927 4.53699 -0.189764
40 -4.79717 4.57152 -0.157621
41 -4.833 4.60404 -0.128594
42 -4.87035 4.63759 -0.0951555
43 -4.91015 4.67378 -0.0607928
44 -4.94888 4.70854 -0.020539
45 -4.98993 4.74629 0.0165524
46 -5.03241 4.78592 0.0536279
47 -5.07097 4.82136 0.0881142
48 -5.10856 4.85608 0.115311
49 -5.14572 4.89139 0.135341
50 -5.18285 4.92626 0.159363
51 -5.21818 4.95977 0.181611
52 -5.25402 4.99389 0.201376
53 -5.28767 5.02522 0.227105
54 -5.32141 5.05698 0.247327
55 -5.35163 5.08471 0.271092
56 -5.38242 5.11329 0.295287
57 -5.41083 5.13928 0.316616
58 -5.43886 5.16479 0.337368
59 -5.46616 5.18992 0.357668
60 -5.4915 5.21314 0.376916
61 -5.51484 5.23403 0.398213
62 -5.53906 5.2557 0.419166
63 -5.56182 5.27585 0.442452
64 -5.58453 5.29567 0.469096
65 -5.61014 5.31839 0.496174
66 -5.63598 5.34202 0.520944
67 -5.66222 5.36621 0.543041
68 -5.68592 5.38776 0.56452
69 -5.70916 5.4088 0.582637
70 -5.73157 5.42903 0.598131
71 -5.75455 5.44979 0.613494
72 -5.77526 5.46795 0.627086
73 -5.79451 5.48475 0.635425
74 -5.81334 5.50114 0.647136
75 -5.83418 5.51991 0.651901
76 -5.8536 5.53738 0.6559
77 -5.87292 5.55506 0.655631
78 -5.89234 5.57265 0.65542
79 -5.91088 5.58919 0.655852
80 -5.93054 5.60725 0.655298
81 -5.94945 5.62469 0.651431
82 -5.97081 5.64506 0.647247
83 -5.99552 5.66877 0.641759
84 -6.01938 5.69182 0.637904
85 -6.04387 5.71584 0.631492
86 -6.06737 5.73854 0.627661
87 -6.08947 5.75952 0.622646
88 -6.11267 5.78159 0.620326
89 -6.13414 5.80216 0.618455
90 -6.15588 5.82261 0.617024
91 -6.17857 5.84416 0.61493
92 -6.20165 5.86638 0.610391
93 -6.22532 5.88947 0.604343
94 -6.24552 5.90893 0.601481
95 -6.2642 5.92663 0.601526
96 -6.28554 5.94701 0.60199
97 -6.30712 5.96756 0.601327
98 -6.32809 5.98746 0.602079
99 -6.34726 6.00566 0.602329
