3.55817
1.42711
1.00383
0.78526
0.655875
0.572908
0.516183
0.47278
0.438769
0.410037
0.384706
0.363454
0.342867
0.324042
0.306288
0.289962
0.274064
0.259437
0.244682
0.230829
0.217451
0.20434
0.192397
0.180794
0.170603
0.161587
0.153795
0.146896
0.140471
0.135103
0.129281
0.12491
0.12057
0.116619
0.113591
0.110493
0.10782
0.105415
0.102924
0.100707
0.0982223
0.09611
0.0943764
0.0927723
0.0914582
0.0898439
0.0885087
0.0869361
0.0856421
0.0842028
0.0831434
0.0820068
0.0807272
0.0795639
0.078745
0.0779623
0.0769471
0.0760206
0.0752226
0.0746707
0.0738566
0.0730399
0.0723656
0.0718301
0.0711598
0.0703896
0.0696654
0.069089
0.0683948
0.0678265
0.0674582
0.067202
0.0666743
0.0660448
0.0657508
0.0651795
0.0648958
0.0643644
0.063936
0.0632956
0.0628318
0.0623508
0.0620497
0.0619535
0.0616139
0.0614646
0.0611311
0.0608338
0.0605034
0.0600425
0.059873
0.0597385
0.0594118
0.0591003
0.0587425
0.0586164
0.0584044
0.0581998
0.0579891
0.0576551
