0 0.014171 0.366063 -0.194086
1 -0.0534615 0.406855 -0.112565
2 -0.05932 0.420358 -0.0460312
3 -0.0531683 0.429359 0.00301326
4 -0.0455889 0.436513 0.0379903
5 -0.0387478 0.441665 0.0618541
6 -0.0314383 0.44568 0.0786102
7 -0.023638 0.448347 0.0918092
8 -0.0151545 0.44984 0.102884
9 -0.006785 0.450704 0.111866
10 0.00120432 0.45053 0.119694
11 0.0078309 0.449214 0.126898
12 0.013646 0.44727 0.133521
13 0.0179398 0.443955 0.139694
14 0.0199852 0.440279 0.14511
15 0.0220932 0.4359 0.149928
16 0.0234138 0.431208 0.154164
17 0.023036 0.425685 0.157638
18 0.0218059 0.419945 0.159968
19 0.0195294 0.41459 0.162001
20 0.016405 0.409387 0.163541
21 0.012868 0.404719 0.164926
22 0.00873018 0.400311 0.165979
23 0.00551299 0.3961 0.16623
24 0.00207828 0.392066 0.166556
25 -0.000649263 0.388455 0.166322
26 -0.00328218 0.385232 0.166325
27 -0.0055713 0.38237 0.166009
28 -0.00783967 0.380022 0.165724
29 -0.00899397 0.378052 0.165148
30 -0.0102529 0.376373 0.164925
31 -0.0112319 0.375027 0.164804
32 -0.0118997 0.374039 0.164758
33 -0.0120101 0.372902 0.164781
34 -0.0117294 0.37171 0.164532
35 -0.0111946 0.370866 0.164324
36 -0.0102641 0.370251 0.164232
37 -0.00914853 0.369962 0.164408
38 -0.00761293 0.369536 0.164554
39 -0.00573196 0.3692 0.164661
40 -0.00368633 0.368668 0.164746
41 -0.00189741 0.368458 0.165154
42 -0.00024276 0.368423 0.165463
43 0.001689 0.368095 0.165674
44 0.00341974 0.367936 0.165881
45 0.0054319 0.367782 0.16624
46 0.00715951 0.367735 0.166478
47 0.00926013 0.367741 0.166529
48 0.0115135 0.367689 0.166545
49 0.0137406 0.367691 0.166602
50 0.0157678 0.367755 0.166808
51 0.017848 0.367655 0.167025
52 0.0201427 0.367493 0.167118
53 0.022333 0.367333 0.167389
54 0.0243118 0.36706 0.167516
55 0.0262389 0.366793 0.167607
56 0.0282024 0.36645 0.167707
57 0.0300337 0.36623 0.167853
58 0.032204 0.36591 0.167765
59 0.0344648 0.365528 0.167701
60 0.0365881 0.365376 0.167763
61 0.0386493 0.365395 0.167812
62 0.0407412 0.365287 0.167912
63 0.0429193 0.365159 0.168062
64 0.0449789 0.364853 0.168209
65 0.0469893 0.36447 0.168489
66 0.0489144 0.364125 0.16881
67 0.0508319 0.363836 0.16914
68 0.0528428 0.363639 0.169468
69 0.0548668 0.363476 0.169931
70 0.0570084 0.363451 0.170348
71 0.0592395 0.363283 0.170665
72 0.0613414 0.36302 0.171108
73 0.0632757 0.362717 0.171543
74 0.0652269 0.362603 0.171905
75 0.0670601 0.362565 0.17226
76 0.0689595 0.362497 0.172627
77 0.0707619 0.362499 0.17303
78 0.0724136 0.362352 0.173357
79 0.0741585 0.362104 0.173704
80 0.0756376 0.36193 0.174237
81 0.0770114 0.361754 0.174753
82 0.0784803 0.361764 0.175283
83 0.0798795 0.361847 0.175761
84 0.081322 0.361815 0.176364
85 0.0827458 0.36197 0.176944
86 0.0842061 0.361973 0.177515
87 0.0857368 0.361829 0.178173
88 0.087172 0.361772 0.178792
89 0.0887501 0.361782 0.179216
90 0.0900887 0.361956 0.179664
91 0.0914018 0.362015 0.180106
92 0.0927563 0.362036 0.180669
93 0.0941328 0.36209 0.181224
94 0.0952406 0.362196 0.18187
95 0.096313 0.362394 0.182606
96 0.0975979 0.362561 0.183409
97 0.0988411 0.362757 0.184349
98 0.100137 0.363156 0.185139
99 0.1015 0.363557 0.185923
