0 1.80528 -0.263269 -5.16016
1 0.806408 1.31457 -6.58141
2 -0.149384 2.62082 -6.86398
3 -0.902002 3.60247 -6.90933
4 -1.47202 4.31686 -6.89833
5 -1.89238 4.82159 -6.86799
6 -2.21741 5.19603 -6.81512
7 -2.49371 5.50385 -6.73811
8 -2.74045 5.77194 -6.63688
9 -2.95472 5.999 -6.52985
10 -3.14982 6.20237 -6.41941
11 -3.33025 6.38861 -6.32217
12 -3.49654 6.56046 -6.23255
13 -3.65041 6.71857 -6.15738
14 -3.784 6.85622 -6.12018
15 -3.90843 6.98335 -6.07613
16 -4.01978 7.09696 -6.04416
17 -4.11341 7.19378 -6.03631
18 -4.18677 7.26902 -6.04263
19 -4.24998 7.33524 -6.07175
20 -4.30205 7.39076 -6.11751
21 -4.3479 7.44088 -6.17472
22 -4.38618 7.48349 -6.2458
23 -4.41491 7.51485 -6.30071
24 -4.44235 7.54474 -6.36031
25 -4.46304 7.56637 -6.40963
26 -4.4858 7.59006 -6.45929
27 -4.50386 7.60835 -6.50424
28 -4.5211 7.62587 -6.55191
29 -4.53645 7.63977 -6.58093
30 -4.55512 7.65707 -6.61341
31 -4.57517 7.67532 -6.64152
32 -4.59627 7.69447 -6.66535
33 -4.61972 7.71479 -6.67797
34 -4.6403 7.73137 -6.68181
35 -4.66108 7.74829 -6.68284
36 -4.6842 7.76695 -6.67772
37 -4.71112 7.78918 -6.67044
38 -4.73831 7.81148 -6.65345
39 -4.76601 7.83366 -6.63054
40 -4.79411 7.85556 -6.60281
41 -4.82564 7.88088 -6.58126
42 -4.85532 7.90431 -6.56307
43 -4.88395 7.92702 -6.53713
44 -4.91166 7.94862 -6.51559
45 -4.94188 7.97241 -6.48869
46 -4.96944 7.99385 -6.46757
47 -4.99482 8.01268 -6.43993
48 -5.02018 8.03114 -6.40839
49 -5.0456 8.04948 -6.3777
50 -5.07226 8.0696 -6.35068
51 -5.09889 8.08954 -6.32117
52 -5.12397 8.10788 -6.28679
53 -5.15066 8.12813 -6.25409
54 -5.17428 8.14592 -6.22403
55 -5.1975 8.16301 -6.19497
56 -5.22058 8.18007 -6.16451
57 -5.24362 8.19739 -6.1371
58 -5.26394 8.21199 -6.10257
59 -5.28454 8.22664 -6.06567
60 -5.30585 8.24257 -6.03244
61 -5.32664 8.25775 -6.00163
62 -5.34819 8.27367 -5.96958
63 -5.37033 8.29049 -5.93568
64 -5.39167 8.30653 -5.90226
65 -5.41467 8.32427 -5.86923
66 -5.43791 8.34204 -5.83763
67 -5.461 8.35977 -5.80635
68 -5.484 8.37768 -5.77401
69 -5.50874 8.39739 -5.74158
70 -5.53246 8.41637 -5.70762
71 -5.55496 8.43412 -5.67062
72 -5.57875 8.45318 -5.63512
73 -5.60169 8.47157 -5.60242
74 -5.62352 8.48885 -5.5707
75 -5.64475 8.50573 -5.54187
76 -5.66583 8.52296 -5.51137
77 -5.68683 8.54021 -5.4826
78 -5.70632 8.55595 -5.45578
79 -5.72619 8.57194 -5.42652
80 -5.74765 8.5898 -5.40245
81 -5.76826 8.60699 -5.38021
82 -5.78898 8.62455 -5.35731
83 -5.80892 8.64096 -5.33633
84 -5.83048 8.65933 -5.31401
85 -5.85164 8.67737 -5.29328
86 -5.87219 8.69513 -5.27078
87 -5.89398 8.71431 -5.24612
88 -5.9149 8.7328 -5.22387
89 -5.93307 8.7488 -5.19943
90 -5.95055 8.76443 -5.18016
91 -5.96785 8.77971 -5.1605
92 -5.98695 8.79671 -5.13981
93 -6.00571 8.8134 -5.11892
94 -6.02481 8.83083 -5.1033
95 -6.04502 8.84939 -5.0891
96 -6.06657 8.86938 -5.07064
97 -6.08976 8.89095 -5.0532
98 -6.11072 8.9105 -5.03567
99 -6.13154 8.93003 -5.01678
