0.14018
0.103422
0.0816673
0.0679791
0.0585149
0.0518536
0.0467705
0.0428085
0.0397746
0.0373462
0.0352286
0.033385
0.0318209
0.0304786
0.0292905
0.0282392
0.0273458
0.026527
0.0257224
0.0250177
0.0243645
0.0237719
0.023211
0.0226844
0.0221841
0.0217199
0.0212943
0.020858
0.0204735
0.0201445
0.0198391
0.0195451
0.019261
0.0189866
0.0187193
0.0184515
0.0182099
0.0179606
0.0177292
0.0175067
0.0172762
0.0170565
0.0168508
0.0166573
0.0164633
0.0162774
0.0160974
0.0159178
0.0157405
0.0155783
0.0154353
0.0153015
0.0151846
0.015058
0.0149386
0.0148162
0.0146955
0.0145759
0.0144555
0.014341
0.0142199
0.0141015
0.0139889
0.0138809
0.013777
0.0136845
0.0135878
0.0134974
0.0134066
0.0133238
0.0132389
0.0131515
0.0130659
0.0129911
0.0129202
0.0128589
0.0127993
0.0127489
0.0126987
0.0126496
0.0125983
0.0125407
0.0124848
0.0124296
0.0123773
0.0123211
0.0122602
0.0121961
0.0121322
0.012069
0.0120082
0.0119473
0.011879
0.0118117
0.011741
0.0116637
0.0115858
0.0115079
0.0114351
0.0113753
