0 0.315278 0.189468 -0.256513
1 0.291751 0.200577 -0.253032
2 0.27586 0.209124 -0.251026
3 0.263569 0.215349 -0.249996
4 0.253587 0.221002 -0.248731
5 0.244343 0.225856 -0.246766
6 0.236867 0.230545 -0.244711
7 0.23084 0.234599 -0.242858
8 0.225859 0.237815 -0.241109
9 0.221819 0.240552 -0.239047
10 0.218322 0.243064 -0.237139
11 0.215086 0.245502 -0.234748
12 0.212029 0.248046 -0.232276
13 0.209152 0.250215 -0.229845
14 0.206921 0.251872 -0.227683
15 0.204881 0.253533 -0.225768
16 0.202921 0.255048 -0.223768
17 0.201159 0.256697 -0.221837
18 0.199455 0.258114 -0.219738
19 0.197494 0.259307 -0.217673
20 0.196023 0.260799 -0.215961
21 0.194485 0.262464 -0.214095
22 0.192906 0.264188 -0.212101
23 0.191488 0.266111 -0.209887
24 0.189781 0.267748 -0.208147
25 0.18795 0.269258 -0.206246
26 0.186498 0.270792 -0.203988
27 0.185399 0.272094 -0.201995
28 0.18424 0.273283 -0.200161
29 0.183244 0.274504 -0.198346
30 0.182406 0.275679 -0.196409
31 0.18139 0.276718 -0.194183
32 0.180366 0.277746 -0.192133
33 0.179353 0.278814 -0.190232
34 0.178466 0.27963 -0.188205
35 0.177746 0.28019 -0.186386
36 0.177242 0.280755 -0.1847
37 0.176922 0.281241 -0.183279
38 0.176681 0.281642 -0.181857
39 0.176364 0.2821 -0.180612
40 0.175886 0.282309 -0.17949
41 0.175425 0.282457 -0.178135
42 0.175022 0.282756 -0.17665
43 0.174616 0.283385 -0.17532
44 0.173877 0.283962 -0.174077
45 0.173348 0.284367 -0.173026
46 0.172797 0.284527 -0.171901
47 0.172072 0.284838 -0.170649
48 0.171389 0.285233 -0.169509
49 0.170487 0.285698 -0.168339
50 0.169604 0.286364 -0.167235
51 0.168716 0.287236 -0.165837
52 0.168009 0.288211 -0.164551
53 0.167362 0.289111 -0.163277
54 0.16676 0.29007 -0.162052
55 0.166266 0.291259 -0.161029
56 0.165668 0.292156 -0.160013
57 0.164784 0.293113 -0.15896
58 0.164041 0.29405 -0.157934
59 0.163453 0.295147 -0.156997
60 0.163116 0.296362 -0.156081
61 0.162468 0.29738 -0.155193
62 0.161971 0.298544 -0.154432
63 0.161469 0.299643 -0.153593
64 0.160872 0.300646 -0.152774
65 0.160257 0.301502 -0.152068
66 0.159836 0.302326 -0.151394
67 0.159519 0.303236 -0.150669
68 0.159126 0.304134 -0.149898
69 0.158904 0.304842 -0.149152
70 0.158332 0.305443 -0.148245
71 0.157999 0.306189 -0.147388
72 0.157732 0.306756 -0.146515
73 0.157452 0.307231 -0.145723
74 0.157183 0.307756 -0.145085
75 0.156893 0.308269 -0.144629
76 0.156682 0.308844 -0.144067
77 0.156418 0.309354 -0.143416
78 0.156111 0.309803 -0.142586
79 0.155751 0.310054 -0.141745
80 0.155468 0.310277 -0.14059
81 0.155239 0.310562 -0.139378
82 0.155067 0.310702 -0.138148
83 0.154863 0.310697 -0.136806
84 0.154756 0.310712 -0.135574
85 0.154635 0.310777 -0.134328
86 0.154625 0.310861 -0.132931
87 0.154477 0.310824 -0.131566
88 0.154271 0.310936 -0.130083
89 0.154119 0.311136 -0.128733
90 0.154059 0.311263 -0.127496
91 0.153909 0.311418 -0.126285
92 0.153564 0.311648 -0.125144
93 0.153445 0.311891 -0.123886
94 0.153082 0.312184 -0.122431
95 0.152689 0.312546 -0.121005
96 0.152247 0.312912 -0.119641
97 0.151967 0.313249 -0.118383
98 0.151633 0.313628 -0.11734
99 0.151373 0.313776 -0.116425
