0 1.92204 -2.72356 0.397216
1 1.86872 -2.53453 -0.0389365
2 1.83459 -2.40483 -0.351772
3 1.81207 -2.31067 -0.588921
4 1.7888 -2.22741 -0.792306
5 1.75868 -2.14114 -0.975492
6 1.72949 -2.06111 -1.13726
7 1.70398 -1.99097 -1.27283
8 1.67829 -1.92727 -1.38305
9 1.64778 -1.86231 -1.47458
10 1.61905 -1.80221 -1.55593
11 1.58486 -1.73663 -1.63334
12 1.55061 -1.67203 -1.71049
13 1.51673 -1.60972 -1.77982
14 1.4853 -1.55322 -1.83368
15 1.45698 -1.50315 -1.88525
16 1.42724 -1.45266 -1.93401
17 1.39845 -1.40354 -1.9828
18 1.36847 -1.3528 -2.0272
19 1.33871 -1.30322 -2.07168
20 1.31322 -1.26081 -2.11447
21 1.28625 -1.21625 -2.16113
22 1.25867 -1.17008 -2.20925
23 1.22857 -1.12098 -2.25873
24 1.2043 -1.08025 -2.30776
25 1.17824 -1.0376 -2.35607
26 1.14725 -0.989137 -2.39979
27 1.11902 -0.945365 -2.43566
28 1.09305 -0.905327 -2.47094
29 1.06743 -0.866098 -2.50421
30 1.04006 -0.825203 -2.53474
31 1.00962 -0.779881 -2.56523
32 0.981472 -0.737548 -2.59566
33 0.955357 -0.697933 -2.62655
34 0.927143 -0.656059 -2.65224
35 0.901072 -0.617848 -2.67194
36 0.875977 -0.581554 -2.68888
37 0.854111 -0.549819 -2.70195
38 0.831972 -0.518293 -2.71273
39 0.812243 -0.489614 -2.72511
40 0.793667 -0.463137 -2.73583
41 0.772251 -0.433091 -2.7454
42 0.74979 -0.401324 -2.7566
43 0.729706 -0.372034 -2.7732
44 0.711092 -0.344418 -2.79331
45 0.694336 -0.32016 -2.80787
46 0.676315 -0.294622 -2.8191
47 0.657225 -0.267409 -2.83503
48 0.639664 -0.242208 -2.85126
49 0.622396 -0.217221 -2.87148
50 0.60594 -0.193542 -2.89443
51 0.58647 -0.165766 -2.92034
52 0.568186 -0.139673 -2.9454
53 0.549932 -0.113853 -2.96855
54 0.532394 -0.0887842 -2.99185
55 0.517506 -0.0668936 -3.01704
56 0.50242 -0.0452242 -3.0394
57 0.4872 -0.0231829 -3.06653
58 0.472166 -0.00182724 -3.09123
59 0.458096 0.0184813 -3.11604
60 0.444098 0.0386114 -3.13942
61 0.430914 0.0577984 -3.16452
62 0.419411 0.0749731 -3.18954
63 0.406895 0.0933714 -3.21379
64 0.394835 0.111161 -3.23789
65 0.384083 0.127073 -3.26011
66 0.373413 0.142568 -3.27904
67 0.362219 0.158822 -3.29764
68 0.350687 0.175676 -3.31711
69 0.339043 0.192315 -3.33159
70 0.32564 0.211432 -3.34935
71 0.312834 0.229657 -3.36587
72 0.299596 0.247969 -3.37882
73 0.287314 0.264891 -3.39078
74 0.277292 0.278947 -3.40328
75 0.269523 0.289981 -3.41592
76 0.260412 0.302492 -3.42835
77 0.250414 0.316199 -3.44059
78 0.238085 0.332595 -3.45261
79 0.225313 0.349113 -3.46249
80 0.208247 0.370687 -3.47096
81 0.190457 0.393098 -3.47979
82 0.172187 0.415855 -3.48541
83 0.152461 0.4405 -3.48908
84 0.133849 0.463494 -3.49156
85 0.114981 0.486762 -3.49491
86 0.0937748 0.512495 -3.49728
87 0.0731611 0.537343 -3.49999
88 0.0511189 0.564018 -3.50561
89 0.0307331 0.588485 -3.51194
90 0.0115681 0.611474 -3.51587
91 -0.00715542 0.633999 -3.52169
92 -0.0245466 0.655336 -3.53134
93 -0.0439291 0.678682 -3.53788
94 -0.0654526 0.704961 -3.54876
95 -0.086545 0.730746 -3.56121
96 -0.106846 0.755267 -3.57451
97 -0.126104 0.778223 -3.58505
98 -0.142152 0.797569 -3.59673
99 -0.156878 0.814902 -3.60421
