0.843013
0.268511
0.171285
0.128051
0.102858
0.0882736
0.0791607
0.0729204
0.0681486
0.0639841
0.0601388
0.0568551
0.0538724
0.0511317
0.048702
0.0464276
0.0445499
0.0428928
0.0416491
0.0404683
0.0394555
0.0384975
0.0376353
0.0366359
0.0358546
0.0350978
0.0345374
0.0340192
0.0335321
0.0330778
0.0326643
0.0322585
0.0318369
0.0314372
0.0310856
0.0307815
0.0304844
0.0301925
0.0299458
0.0296484
0.0293668
0.0290528
0.0287158
0.0283661
0.0279379
0.0275066
0.0270539
0.0265327
0.0260238
0.0254765
0.0249239
0.0242699
0.0235525
0.0227474
0.0218981
0.0209885
0.0200813
0.0192071
0.0183213
0.0174285
0.0166227
0.0158826
0.0152029
0.0146009
0.0140359
0.0135023
0.0130319
0.012583
0.0121861
0.0118013
0.0114738
0.011184
0.0109275
0.0106647
0.0104176
0.0101975
0.00997001
0.0097582
0.00955632
0.00937275
0.00918925
0.00901831
0.00884419
0.00868764
0.00853622
0.00839092
0.00825635
0.00813428
0.00803187
0.00792342
0.00782941
0.00773459
0.00764357
0.00754163
0.00744753
0.00736217
0.00727384
0.00718823
0.00710016
0.0070189
