0 0.157289 0.290926 -0.116548
1 0.0977028 0.353963 -0.0395657
2 0.0751656 0.388239 0.0150342
3 0.06155 0.415642 0.056648
4 0.0511192 0.438414 0.0908458
5 0.0443538 0.456654 0.117353
6 0.0394428 0.472979 0.138415
7 0.0370924 0.488284 0.15375
8 0.0366816 0.50237 0.16396
9 0.0361247 0.516213 0.171418
10 0.0367321 0.530383 0.175799
11 0.0371517 0.544 0.179595
12 0.038309 0.557665 0.182161
13 0.0391868 0.570174 0.184719
14 0.0408817 0.582114 0.186447
15 0.0427294 0.592839 0.188152
16 0.0439023 0.602736 0.190196
17 0.0451876 0.611251 0.192074
18 0.0468206 0.618796 0.193855
19 0.0479869 0.625687 0.195719
20 0.0493322 0.632329 0.197968
21 0.0506705 0.638483 0.199618
22 0.0512703 0.644145 0.201219
23 0.0517664 0.649531 0.203141
24 0.0523551 0.654798 0.204688
25 0.0526585 0.659872 0.206108
26 0.0531476 0.664663 0.207166
27 0.0541992 0.669056 0.207922
28 0.0552046 0.673393 0.20849
29 0.0558501 0.67748 0.209297
30 0.0569789 0.681537 0.209818
31 0.0581836 0.685612 0.209979
32 0.059589 0.689472 0.210115
33 0.0613347 0.693136 0.209834
34 0.0629368 0.69692 0.209366
35 0.0650479 0.700312 0.208448
36 0.0664618 0.703645 0.207906
37 0.0682406 0.706897 0.207103
38 0.0703442 0.709902 0.205979
39 0.0723069 0.712847 0.205077
40 0.0750252 0.715695 0.203678
41 0.0782839 0.718451 0.201733
42 0.0814775 0.721086 0.199777
43 0.0842025 0.723593 0.197976
44 0.0869007 0.726098 0.195885
45 0.0888724 0.728504 0.194259
46 0.0907096 0.731135 0.192683
47 0.0925537 0.73356 0.19091
48 0.0946517 0.735618 0.188978
49 0.0965759 0.737574 0.186837
50 0.0985067 0.739227 0.184758
51 0.100421 0.740805 0.182443
52 0.102038 0.742139 0.180488
53 0.102782 0.743352 0.179254
54 0.103628 0.744511 0.177877
55 0.104162 0.7453 0.176538
56 0.10443 0.746131 0.174971
57 0.104369 0.746851 0.173658
58 0.103898 0.747423 0.172605
59 0.103311 0.747926 0.171315
60 0.102334 0.748683 0.170578
61 0.10163 0.749229 0.169963
62 0.101463 0.749472 0.169218
63 0.101339 0.749768 0.168473
64 0.101315 0.750122 0.167876
65 0.101791 0.750599 0.167117
66 0.102377 0.750857 0.16629
67 0.102898 0.751025 0.165691
68 0.103201 0.751152 0.165309
69 0.103711 0.751484 0.164982
70 0.104259 0.751741 0.164817
71 0.104587 0.751885 0.164876
72 0.104978 0.752024 0.164927
73 0.105315 0.752133 0.165103
74 0.105453 0.752312 0.165387
75 0.105535 0.752388 0.165532
76 0.105789 0.752405 0.165556
77 0.105844 0.752359 0.165799
78 0.106002 0.75214 0.166031
79 0.106149 0.751961 0.166503
80 0.106089 0.751743 0.16694
81 0.106206 0.751325 0.167339
82 0.106404 0.750814 0.167506
83 0.106895 0.750267 0.167584
84 0.107293 0.749769 0.16775
85 0.107756 0.749333 0.167934
86 0.108291 0.748883 0.168031
87 0.10901 0.748578 0.167887
88 0.109737 0.748304 0.167661
89 0.110285 0.74808 0.16773
90 0.110726 0.747892 0.167801
91 0.111227 0.747767 0.167789
92 0.111767 0.74758 0.167753
93 0.112096 0.747447 0.167742
94 0.112556 0.747278 0.16755
95 0.112979 0.747084 0.167382
96 0.113201 0.746861 0.167279
97 0.113308 0.74655 0.167269
98 0.113597 0.746094 0.167198
99 0.114006 0.745634 0.167166
