0 1.12452 0.532901 -2.82424
1 0.48752 1.98023 -4.50673
2 -0.0764999 2.95523 -5.27908
3 -0.529335 3.6828 -5.82843
4 -0.908007 4.26755 -6.26407
5 -1.2115 4.71984 -6.57991
6 -1.45856 5.07776 -6.83709
7 -1.64799 5.34461 -7.03728
8 -1.78413 5.53076 -7.1899
9 -1.88594 5.66794 -7.34124
10 -1.95325 5.75655 -7.47402
11 -2.01199 5.83331 -7.60282
12 -2.05845 5.89198 -7.71836
13 -2.1036 5.94867 -7.82647
14 -2.14285 5.99572 -7.91406
15 -2.18272 6.043 -7.98736
16 -2.2229 6.09176 -8.06295
17 -2.26183 6.13852 -8.12311
18 -2.30281 6.1857 -8.16773
19 -2.3419 6.23085 -8.213
20 -2.38678 6.28327 -8.25294
21 -2.42475 6.32576 -8.28859
22 -2.45834 6.36316 -8.33168
23 -2.49522 6.40449 -8.37358
24 -2.52712 6.43983 -8.41203
25 -2.55491 6.47107 -8.45286
26 -2.57974 6.49699 -8.48787
27 -2.6046 6.52133 -8.50971
28 -2.62645 6.5422 -8.53217
29 -2.64887 6.56407 -8.55874
30 -2.67077 6.58453 -8.57694
31 -2.68838 6.59886 -8.59416
32 -2.70693 6.61401 -8.60646
33 -2.72231 6.62462 -8.61176
34 -2.73429 6.63078 -8.62042
35 -2.74421 6.63348 -8.61803
36 -2.75381 6.63723 -8.62652
37 -2.76242 6.63947 -8.62867
38 -2.76962 6.63892 -8.62459
39 -2.77865 6.64084 -8.62196
40 -2.78696 6.64032 -8.60686
41 -2.79292 6.63479 -8.58389
42 -2.79882 6.62863 -8.56204
43 -2.80407 6.62171 -8.54711
44 -2.80591 6.60983 -8.53329
45 -2.80829 6.60021 -8.53011
46 -2.81075 6.5905 -8.53189
47 -2.81123 6.57802 -8.53236
48 -2.81238 6.56537 -8.52633
49 -2.80982 6.54805 -8.52268
50 -2.80936 6.5325 -8.51739
51 -2.80682 6.51323 -8.51259
52 -2.80734 6.49732 -8.51095
53 -2.81155 6.48604 -8.52227
54 -2.81528 6.47325 -8.53196
55 -2.81785 6.45858 -8.54375
56 -2.81491 6.43823 -8.55976
57 -2.8136 6.41914 -8.58004
58 -2.81262 6.40128 -8.60455
59 -2.80731 6.37916 -8.63015
60 -2.80492 6.36268 -8.66367
61 -2.80565 6.35047 -8.69099
62 -2.80818 6.34087 -8.70701
63 -2.81034 6.33179 -8.7228
64 -2.8143 6.3258 -8.73725
65 -2.81869 6.32127 -8.74507
66 -2.82268 6.31703 -8.74902
67 -2.82849 6.3161 -8.75245
68 -2.83511 6.3171 -8.75862
69 -2.8431 6.32031 -8.76291
70 -2.85313 6.32611 -8.76527
71 -2.86398 6.33394 -8.7695
72 -2.87474 6.34215 -8.77245
73 -2.88642 6.35192 -8.77612
74 -2.89749 6.3616 -8.783
75 -2.90648 6.36889 -8.7899
76 -2.91483 6.37561 -8.79348
77 -2.92458 6.38448 -8.79934
78 -2.93476 6.39383 -8.80196
79 -2.94795 6.40675 -8.80493
80 -2.959 6.41746 -8.81039
81 -2.97078 6.42896 -8.81131
82 -2.98017 6.43746 -8.8099
83 -2.99059 6.44665 -8.80359
84 -3.0012 6.45653 -8.79893
85 -3.0121 6.46689 -8.79368
86 -3.02225 6.47628 -8.78711
87 -3.03024 6.48315 -8.77868
88 -3.03712 6.48883 -8.77049
89 -3.04623 6.49776 -8.76515
90 -3.05448 6.50571 -8.76164
91 -3.06186 6.51289 -8.75766
92 -3.06972 6.52015 -8.75256
93 -3.07615 6.52613 -8.75085
94 -3.08112 6.53015 -8.74673
95 -3.08604 6.53427 -8.74289
96 -3.09016 6.5378 -8.74169
97 -3.09494 6.54209 -8.74164
98 -3.10035 6.54673 -8.73741
99 -3.10704 6.55303 -8.73111
