0.404737
0.0823139
0.03502
0.0225237
0.0173888
0.0146674
0.0130276
0.0120024
0.0113333
0.0108482
0.0104595
0.0101493
0.00989802
0.00968578
0.00948947
0.00932089
0.0091844
0.00906109
0.00895219
0.00884115
0.00873782
0.00862368
0.00851435
0.00842573
0.00833557
0.00822908
0.00812347
0.0080146
0.00792116
0.00784125
0.00777051
0.00769884
0.00762495
0.00754322
0.00746354
0.00739193
0.00732563
0.00725806
0.00719502
0.00713276
0.00707783
0.00702011
0.00696671
0.00691846
0.00686178
0.00680022
0.00673904
0.00668184
0.0066237
0.0065686
0.00651994
0.00647347
0.00642686
0.00638109
0.00632952
0.00627743
0.00623248
0.0061901
0.00615262
0.00611785
0.00608119
0.0060482
0.0060181
0.00599024
0.00595845
0.00593377
0.00590789
0.00589225
0.00587297
0.00585274
0.00582953
0.00581027
0.00578716
0.00575921
0.00573386
0.00571036
0.00569045
0.0056618
0.0056343
0.00560841
0.00558408
0.00556635
0.00554333
0.00552132
0.0055014
0.00547739
0.00545455
0.00543376
0.00541204
0.00539304
0.00537367
0.00534779
0.00532714
0.00530459
0.00528572
0.00527059
0.00525355
0.00523616
0.00522246
0.00520927
