0 0.218103 0.275169 -0.177944
1 0.165604 0.319662 -0.184668
2 0.141209 0.33712 -0.179223
3 0.133519 0.342085 -0.169723
4 0.130372 0.343015 -0.160394
5 0.128908 0.3427 -0.153181
6 0.127834 0.34224 -0.148183
7 0.126625 0.341046 -0.144147
8 0.125134 0.340085 -0.141236
9 0.124376 0.338806 -0.139041
10 0.123225 0.337527 -0.137394
11 0.122331 0.336003 -0.136313
12 0.121154 0.334305 -0.134763
13 0.12038 0.332129 -0.132996
14 0.119409 0.330043 -0.132482
15 0.118456 0.327934 -0.131682
16 0.117455 0.326038 -0.130931
17 0.116898 0.324249 -0.130042
18 0.116443 0.322617 -0.129144
19 0.115805 0.320765 -0.128242
20 0.115079 0.318614 -0.127667
21 0.114619 0.316709 -0.127054
22 0.113982 0.314492 -0.126128
23 0.113117 0.312191 -0.125376
24 0.112438 0.309897 -0.124276
25 0.111729 0.307659 -0.123177
26 0.111228 0.305204 -0.121563
27 0.110427 0.302789 -0.119728
28 0.109793 0.300118 -0.118162
29 0.109381 0.297501 -0.11651
30 0.109143 0.295131 -0.11462
31 0.108807 0.292718 -0.112763
32 0.108094 0.290301 -0.110962
33 0.10724 0.287754 -0.108964
34 0.106471 0.285548 -0.107506
35 0.105773 0.282946 -0.105629
36 0.104993 0.280118 -0.103382
37 0.103972 0.277583 -0.1017
38 0.102856 0.275014 -0.0995964
39 0.101758 0.272551 -0.0978347
40 0.100906 0.270172 -0.0960508
41 0.100149 0.267868 -0.0942407
42 0.0992992 0.265512 -0.0921048
43 0.0983657 0.263084 -0.0895553
44 0.0976253 0.260382 -0.0863463
45 0.0971584 0.257772 -0.083329
46 0.096614 0.254919 -0.0799679
47 0.0962001 0.252079 -0.0767925
48 0.0958778 0.248985 -0.0736413
49 0.0954898 0.246099 -0.0710177
50 0.0951246 0.243288 -0.0681401
51 0.0947357 0.240728 -0.0657919
52 0.0943567 0.238159 -0.0634557
53 0.0942586 0.235587 -0.0605988
54 0.094196 0.232851 -0.0575211
55 0.094293 0.230073 -0.054337
56 0.0949196 0.227237 -0.0508093
57 0.0955401 0.224774 -0.047904
58 0.0963686 0.222339 -0.044953
59 0.0972194 0.219762 -0.0421838
60 0.0978906 0.21722 -0.039352
61 0.0984453 0.214525 -0.0364209
62 0.0990034 0.211712 -0.0331996
63 0.0995015 0.209188 -0.0302246
64 0.0996202 0.206828 -0.0274289
65 0.099648 0.204668 -0.0245439
66 0.0995674 0.202631 -0.0220728
67 0.0996244 0.20066 -0.0194037
68 0.0996146 0.198754 -0.0170977
69 0.099487 0.197014 -0.0146455
70 0.0991204 0.195083 -0.0121899
71 0.0986425 0.193086 -0.009624
72 0.09841 0.190962 -0.00664749
73 0.0982844 0.188734 -0.00425827
74 0.0981285 0.186436 -0.00210526
75 0.0981032 0.184395 -9.00255e-05
76 0.0978253 0.1824 0.00170103
77 0.0973279 0.180315 0.00288085
78 0.0967906 0.178485 0.00383497
79 0.0963213 0.17677 0.00500096
80 0.0958658 0.175189 0.00613252
81 0.0952619 0.173395 0.00758807
82 0.0949001 0.171484 0.00889603
83 0.0946158 0.169472 0.0103008
84 0.0943305 0.167359 0.0115508
85 0.0939977 0.165361 0.0123876
86 0.0935495 0.163633 0.0130997
87 0.0931821 0.162184 0.0137194
88 0.092969 0.160616 0.0146635
89 0.092738 0.158969 0.0156599
90 0.092183 0.157387 0.0162932
91 0.0915538 0.155733 0.016826
92 0.0904513 0.154107 0.0177461
93 0.0897172 0.152517 0.0186918
94 0.0890949 0.150982 0.0196162
95 0.0886796 0.149413 0.0208952
96 0.0881024 0.147903 0.0220243
97 0.0874494 0.146373 0.0230759
98 0.0868994 0.144809 0.0242103
99 0.0863071 0.143183 0.0253451
