0 1.64388 -0.819763 -2.06299
1 1.95799 -0.766158 -3.38858
2 1.9964 -0.617732 -3.95254
3 1.9203 -0.420094 -4.11626
4 1.8251 -0.234009 -4.16297
5 1.7463 -0.0884199 -4.17083
6 1.69063 0.0151768 -4.1731
7 1.64388 0.0986652 -4.16756
8 1.60983 0.160621 -4.17051
9 1.58125 0.209863 -4.15884
10 1.5594 0.248049 -4.15299
11 1.5427 0.275739 -4.14024
12 1.52039 0.309818 -4.12949
13 1.49363 0.347337 -4.10623
14 1.48236 0.363446 -4.0871
15 1.46735 0.383534 -4.06779
16 1.4536 0.40186 -4.05232
17 1.43701 0.422421 -4.03222
18 1.42006 0.442873 -4.01317
19 1.40284 0.463002 -3.99347
20 1.38933 0.477509 -3.97088
21 1.37501 0.492388 -3.9483
22 1.35676 0.512058 -3.92355
23 1.34106 0.528382 -3.90101
24 1.32052 0.550924 -3.8761
25 1.30002 0.57357 -3.8526
26 1.27262 0.604817 -3.82282
27 1.24341 0.639181 -3.79804
28 1.217 0.669233 -3.76716
29 1.18961 0.700601 -3.73401
30 1.1594 0.735615 -3.7019
31 1.12967 0.770144 -3.67041
32 1.10137 0.803487 -3.64442
33 1.07059 0.840145 -3.61845
34 1.04672 0.867652 -3.59644
35 1.01734 0.901937 -3.56781
36 0.983587 0.942505 -3.53705
37 0.957323 0.973585 -3.51434
38 0.926056 1.01152 -3.49264
39 0.899097 1.04388 -3.47218
40 0.871613 1.07669 -3.4494
41 0.844067 1.10973 -3.42649
42 0.812538 1.14816 -3.40424
43 0.775478 1.19356 -3.38236
44 0.729839 1.24997 -3.35391
45 0.686335 1.30307 -3.32281
46 0.638531 1.36178 -3.2894
47 0.592825 1.41738 -3.25452
48 0.547127 1.47275 -3.21485
49 0.508333 1.51922 -3.17928
50 0.466608 1.56979 -3.14441
51 0.431526 1.61147 -3.1135
52 0.396564 1.653 -3.08253
53 0.354916 1.70315 -3.04713
54 0.310383 1.75704 -3.00902
55 0.264883 1.81248 -2.9682
56 0.214828 1.87349 -2.91861
57 0.172924 1.92404 -2.87445
58 0.130516 1.97514 -2.8276
59 0.0902081 2.02318 -2.77849
60 0.0494022 2.07231 -2.73304
61 0.00720596 2.12308 -2.68748
62 -0.0386715 2.17863 -2.64034
63 -0.0809956 2.22995 -2.59795
64 -0.120461 2.27846 -2.5637
65 -0.160627 2.32839 -2.53363
66 -0.195475 2.37139 -2.50701
67 -0.232689 2.4174 -2.47926
68 -0.265457 2.45738 -2.45346
69 -0.299803 2.49993 -2.43178
70 -0.334192 2.5428 -2.41154
71 -0.370028 2.58771 -2.39228
72 -0.411318 2.63931 -2.36744
73 -0.445766 2.68111 -2.33953
74 -0.47718 2.71916 -2.31137
75 -0.506659 2.7546 -2.28437
76 -0.533463 2.78677 -2.26199
77 -0.552908 2.80925 -2.24221
78 -0.56901 2.82781 -2.22661
79 -0.587412 2.84969 -2.21138
80 -0.605345 2.87093 -2.19781
81 -0.627365 2.89787 -2.18415
82 -0.647779 2.9221 -2.16509
83 -0.669611 2.94799 -2.14351
84 -0.689852 2.97125 -2.12062
85 -0.704849 2.98785 -2.10013
86 -0.717838 3.0025 -2.08492
87 -0.729406 3.01561 -2.07197
88 -0.74515 3.03379 -2.05523
89 -0.761669 3.0528 -2.0378
90 -0.773689 3.06632 -2.02652
91 -0.784384 3.07829 -2.01542
92 -0.799471 3.09738 -2.0123
93 -0.81496 3.1162 -2.00357
94 -0.83 3.13437 -1.99372
95 -0.849583 3.15799 -1.98016
96 -0.867247 3.17935 -1.96996
97 -0.884039 3.19948 -1.96093
98 -0.901842 3.22097 -1.94988
99 -0.91979 3.24275 -1.93858
