1.15244
0.284985
0.201337
0.170606
0.150568
0.135367
0.122725
0.110988
0.100045
0.0923283
0.0876981
0.0846381
0.082533
0.0809188
0.0795267
0.0783947
0.0773116
0.0764921
0.0756794
0.0751884
0.0746446
0.0738819
0.0732561
0.0725022
0.0717843
0.0709405
0.0702634
0.0698008
0.0693374
0.0688975
0.0684786
0.0682261
0.0677572
0.0669462
0.0660174
0.0648206
0.0630512
0.0600054
0.0558716
0.0519286
0.0486364
0.0454587
0.0426319
0.0406335
0.0393142
0.0382405
0.0373381
0.0364169
0.0355339
0.0346174
0.0337386
0.0329507
0.0322199
0.0316238
0.0311322
0.0306095
0.0300508
0.0294347
0.0286208
0.0277427
0.0269579
0.0260882
0.0253081
0.0245573
0.0238795
0.0232214
0.0225179
0.0216712
0.0206215
0.0195525
0.0187976
0.0182397
0.0178351
0.0175232
0.0172624
0.0170216
0.0167612
0.0165392
0.0163099
0.0160648
0.0158157
0.0155898
0.0153635
0.0151017
0.0148444
0.0146039
0.0143494
0.0141055
0.0138634
0.0136247
0.013406
0.0131965
0.0129828
0.0127778
0.012588
0.0123814
0.0121758
0.0119518
0.0117132
0.0114809
