0 0.092559 0.343648 -0.0225017
1 -0.0020278 0.370676 0.0698458
2 -0.00526642 0.392581 0.104479
3 -0.000338663 0.409898 0.129888
4 0.00540216 0.424012 0.146667
5 0.00803034 0.43663 0.158947
6 0.00482441 0.452517 0.171492
7 -0.00519716 0.471696 0.178749
8 -0.0138665 0.487646 0.181781
9 -0.0171121 0.499397 0.18196
10 -0.0194995 0.505982 0.181205
11 -0.0225755 0.509263 0.180953
12 -0.0250078 0.511106 0.180703
13 -0.0280969 0.511784 0.181548
14 -0.0309059 0.51223 0.182661
15 -0.0330743 0.51285 0.183892
16 -0.034412 0.513982 0.184869
17 -0.0358811 0.516418 0.185921
18 -0.0374311 0.51973 0.187396
19 -0.0385453 0.523869 0.188872
20 -0.0394294 0.528912 0.190659
21 -0.0398874 0.535733 0.192228
22 -0.0403955 0.543395 0.193977
23 -0.0413003 0.551117 0.196919
24 -0.0419518 0.559494 0.19968
25 -0.0419926 0.567446 0.201941
26 -0.0425117 0.573622 0.203923
27 -0.0428897 0.577734 0.204657
28 -0.0421002 0.580288 0.204014
29 -0.0401606 0.581936 0.202473
30 -0.0373278 0.582903 0.200258
31 -0.0341951 0.583438 0.197649
32 -0.0306587 0.584249 0.194229
33 -0.0268277 0.58541 0.190828
34 -0.0220067 0.586787 0.186997
35 -0.0153805 0.587815 0.18237
36 -0.00687151 0.588579 0.176015
37 0.0028759 0.58908 0.168214
38 0.0139363 0.589006 0.160974
39 0.0262853 0.587934 0.155141
40 0.0390316 0.587468 0.150169
41 0.0523531 0.586924 0.145409
42 0.0618196 0.587785 0.142716
43 0.0654904 0.589778 0.142181
44 0.0669652 0.591529 0.14262
45 0.0672985 0.593021 0.143711
46 0.0671732 0.594155 0.144706
47 0.0668527 0.595091 0.145539
48 0.0659719 0.595514 0.146546
49 0.065251 0.5955 0.147669
50 0.0641974 0.595443 0.148886
51 0.0638023 0.594918 0.149539
52 0.0639927 0.594241 0.14974
53 0.0645132 0.593408 0.149762
54 0.0654519 0.592044 0.149559
55 0.0663534 0.590212 0.149335
56 0.0671975 0.587949 0.149003
57 0.0683469 0.585085 0.148758
58 0.0699688 0.581924 0.148341
59 0.0714616 0.578645 0.14766
60 0.0729791 0.575059 0.146768
61 0.0742038 0.571325 0.145785
62 0.0755508 0.567955 0.145331
63 0.0776251 0.564995 0.144881
64 0.081131 0.562487 0.144404
65 0.0857987 0.560642 0.143726
66 0.0918817 0.558969 0.142662
67 0.100864 0.557247 0.141047
68 0.111602 0.555726 0.139186
69 0.120078 0.555317 0.137977
70 0.125341 0.555798 0.137538
71 0.128227 0.556666 0.13748
72 0.129916 0.557838 0.137756
73 0.131377 0.558842 0.137888
74 0.132592 0.559605 0.137894
75 0.133796 0.560539 0.137836
76 0.135312 0.56116 0.137664
77 0.136807 0.561498 0.137335
78 0.138413 0.561728 0.136933
79 0.139885 0.561745 0.136647
80 0.141277 0.561821 0.136493
81 0.142647 0.561982 0.136254
82 0.143571 0.562042 0.136138
83 0.144782 0.562035 0.136014
84 0.145947 0.562148 0.136182
85 0.147548 0.562123 0.136288
86 0.149236 0.5618 0.13643
87 0.150858 0.561442 0.136628
88 0.152598 0.561047 0.136765
89 0.154384 0.560583 0.136781
90 0.156111 0.560258 0.136965
91 0.157755 0.559872 0.13706
92 0.159417 0.559452 0.137126
93 0.161 0.558997 0.137133
94 0.162684 0.558409 0.136967
95 0.164719 0.557516 0.136602
96 0.166954 0.556399 0.136048
97 0.169048 0.555151 0.135483
98 0.170955 0.553881 0.134796
99 0.172837 0.552505 0.134046
