0 0.938704 2.49055 -4.36089
1 0.170547 4.14588 -6.0809
2 -0.27673 4.78739 -6.38428
3 -0.64502 5.26839 -6.49205
4 -0.912964 5.59818 -6.54322
5 -1.11569 5.83991 -6.6272
6 -1.29294 6.06276 -6.84661
7 -1.37004 6.16633 -7.21437
8 -1.39771 6.20142 -7.52703
9 -1.4084 6.20961 -7.70419
10 -1.41046 6.20623 -7.81666
11 -1.41435 6.20688 -7.90885
12 -1.41869 6.20909 -7.97723
13 -1.43259 6.22642 -8.0467
14 -1.45117 6.24943 -8.11042
15 -1.47338 6.27641 -8.16449
16 -1.49356 6.30088 -8.20906
17 -1.51055 6.32351 -8.26777
18 -1.52995 6.35075 -8.33577
19 -1.5498 6.37801 -8.40285
20 -1.57346 6.41044 -8.47398
21 -1.59378 6.43929 -8.55455
22 -1.61473 6.46954 -8.64389
23 -1.64809 6.5168 -8.74006
24 -1.67969 6.56132 -8.83702
25 -1.70951 6.60008 -8.91818
26 -1.73698 6.6328 -8.99009
27 -1.75316 6.64681 -9.03942
28 -1.76024 6.64473 -9.05465
29 -1.76344 6.63392 -9.04267
30 -1.76395 6.61674 -9.00995
31 -1.76358 6.59457 -8.96895
32 -1.75688 6.56111 -8.92508
33 -1.75339 6.52871 -8.87986
34 -1.75155 6.49535 -8.82129
35 -1.75351 6.45994 -8.73131
36 -1.75068 6.40751 -8.61075
37 -1.74165 6.34146 -8.47073
38 -1.74779 6.29431 -8.30747
39 -1.77634 6.27736 -8.11394
40 -1.81241 6.27626 -7.91956
41 -1.85343 6.28089 -7.71524
42 -1.89352 6.29654 -7.5845
43 -1.92335 6.31608 -7.55602
44 -1.95031 6.33931 -7.5605
45 -1.97693 6.36708 -7.58092
46 -1.99876 6.39152 -7.60598
47 -2.01685 6.41254 -7.63256
48 -2.03411 6.43253 -7.66322
49 -2.05382 6.45501 -7.68685
50 -2.07248 6.47654 -7.71449
51 -2.08754 6.49198 -7.72554
52 -2.09986 6.50274 -7.72521
53 -2.11151 6.51207 -7.71706
54 -2.12355 6.5199 -7.69672
55 -2.13628 6.52724 -7.67237
56 -2.14858 6.53334 -7.64526
57 -2.16585 6.5425 -7.60821
58 -2.18453 6.55209 -7.56131
59 -2.1991 6.5581 -7.51532
60 -2.21137 6.56104 -7.46566
61 -2.22085 6.56128 -7.41936
62 -2.23747 6.56991 -7.37363
63 -2.25805 6.58168 -7.31898
64 -2.28555 6.59943 -7.24464
65 -2.31615 6.61874 -7.15654
66 -2.34975 6.63819 -7.04647
67 -2.39252 6.66211 -6.88813
68 -2.4411 6.68889 -6.70201
69 -2.48395 6.71417 -6.56252
70 -2.51715 6.73632 -6.48291
71 -2.54096 6.7534 -6.44527
72 -2.56136 6.76994 -6.43011
73 -2.57798 6.78304 -6.41681
74 -2.59138 6.79307 -6.4055
75 -2.60353 6.80197 -6.39623
76 -2.6159 6.81053 -6.37922
77 -2.62637 6.81663 -6.36055
78 -2.63669 6.8223 -6.33975
79 -2.64801 6.82916 -6.31958
80 -2.66011 6.8381 -6.30154
81 -2.67073 6.84595 -6.28477
82 -2.68072 6.8537 -6.27425
83 -2.69267 6.86278 -6.25837
84 -2.70806 6.87611 -6.24467
85 -2.72493 6.89005 -6.22249
86 -2.74304 6.90481 -6.19632
87 -2.76137 6.92001 -6.17094
88 -2.77942 6.93437 -6.1432
89 -2.79614 6.94721 -6.11375
90 -2.81445 6.96223 -6.086
91 -2.8316 6.9758 -6.05918
92 -2.84858 6.98964 -6.03128
93 -2.86422 7.00197 -6.00383
94 -2.87829 7.01226 -5.97335
95 -2.89229 7.02113 -5.93405
96 -2.90569 7.02825 -5.88944
97 -2.91857 7.03474 -5.84607
98 -2.92888 7.03849 -5.80554
99 -2.93846 7.04132 -5.76454
