0.127539
0.0623586
0.0400041
0.0295105
0.0237465
0.0203886
0.018157
0.0164519
0.015097
0.0140241
0.0131275
0.012371
0.0117457
0.011175
0.0106822
0.0102635
0.00994469
0.00966625
0.00943644
0.00923688
0.00905662
0.0088901
0.00873502
0.00858611
0.00845098
0.00832195
0.00819639
0.00806903
0.00794536
0.00783122
0.00772098
0.00762614
0.00754132
0.0074615
0.00738298
0.00729548
0.00720787
0.00712753
0.00704762
0.00697159
0.00689863
0.00682605
0.00675318
0.0066874
0.00661961
0.00656036
0.00650504
0.00645026
0.00639238
0.00633697
0.00629162
0.00624966
0.0062109
0.00617112
0.00613248
0.00609854
0.00607045
0.0060417
0.00601342
0.00598507
0.00595773
0.00593188
0.00590494
0.00588249
0.00586019
0.00584
0.00582303
0.00580699
0.00579159
0.00577517
0.00575823
0.00574102
0.00572608
0.00571028
0.00569501
0.00568063
0.00566375
0.00564997
0.00563894
0.00562718
0.00561532
0.00560352
0.00559186
0.00557855
0.00556736
0.00555618
0.00554422
0.00553129
0.00552021
0.00550841
0.00549613
0.00548461
0.0054756
0.00546375
0.00545255
0.005443
0.00543084
0.00541821
0.00540481
0.00539092
