0 0.285808 0.218362 -0.252585
1 0.248664 0.243677 -0.247725
2 0.225258 0.259101 -0.244158
3 0.211413 0.268731 -0.239834
4 0.202048 0.275107 -0.237067
5 0.195383 0.280162 -0.234518
6 0.190177 0.283915 -0.232271
7 0.185631 0.287617 -0.23083
8 0.180996 0.290762 -0.229463
9 0.17719 0.29371 -0.228437
10 0.173948 0.296124 -0.227485
11 0.171133 0.298128 -0.226354
12 0.168241 0.300107 -0.225267
13 0.164629 0.302114 -0.223659
14 0.161042 0.304339 -0.222521
15 0.158213 0.306047 -0.221252
16 0.155847 0.307255 -0.219978
17 0.153601 0.308249 -0.218387
18 0.151467 0.308922 -0.217151
19 0.149575 0.309563 -0.215441
20 0.14776 0.309945 -0.21346
21 0.146182 0.310609 -0.211598
22 0.144747 0.311573 -0.21035
23 0.143169 0.312331 -0.208881
24 0.141895 0.313174 -0.207604
25 0.140275 0.313934 -0.206685
26 0.138678 0.315027 -0.205789
27 0.137377 0.316249 -0.20506
28 0.136467 0.3171 -0.204449
29 0.136026 0.31775 -0.203332
30 0.135441 0.318267 -0.201985
31 0.135088 0.318642 -0.200688
32 0.134776 0.318945 -0.199352
33 0.134599 0.31898 -0.197721
34 0.134937 0.318722 -0.196483
35 0.135411 0.318655 -0.195309
36 0.135485 0.318526 -0.194286
37 0.135641 0.318449 -0.193576
38 0.135339 0.318558 -0.192829
39 0.135358 0.318417 -0.192569
40 0.13538 0.318413 -0.192227
41 0.135125 0.318344 -0.191769
42 0.134745 0.31837 -0.191023
43 0.134202 0.318676 -0.190334
44 0.133617 0.31897 -0.190144
45 0.133003 0.319152 -0.190295
46 0.132131 0.319344 -0.190502
47 0.131469 0.319641 -0.190978
48 0.130694 0.31976 -0.191489
49 0.129843 0.3199 -0.191854
50 0.129196 0.319976 -0.192348
51 0.128437 0.319911 -0.192688
52 0.127335 0.319898 -0.192579
53 0.126186 0.319836 -0.192369
54 0.125084 0.319911 -0.192231
55 0.124257 0.32005 -0.192249
56 0.12356 0.320062 -0.192201
57 0.122646 0.32002 -0.192068
58 0.121917 0.319944 -0.192268
59 0.120973 0.31974 -0.192433
60 0.120157 0.319543 -0.192652
61 0.11927 0.319506 -0.192648
62 0.118478 0.319455 -0.192875
63 0.117684 0.319623 -0.193055
64 0.11716 0.319794 -0.193315
65 0.116533 0.319911 -0.193477
66 0.116084 0.319964 -0.193555
67 0.115614 0.320122 -0.193773
68 0.114948 0.320113 -0.193897
69 0.114377 0.3201 -0.194061
70 0.113743 0.320006 -0.194256
71 0.113252 0.319818 -0.194397
72 0.112763 0.319479 -0.194556
73 0.112202 0.319077 -0.194647
74 0.111783 0.318628 -0.194773
75 0.111587 0.318172 -0.194988
76 0.111539 0.317746 -0.195177
77 0.111473 0.317464 -0.195304
78 0.11149 0.317276 -0.195354
79 0.111447 0.317099 -0.19533
80 0.11141 0.316804 -0.195311
81 0.111406 0.316437 -0.195367
82 0.111432 0.316012 -0.195576
83 0.11138 0.315757 -0.195605
84 0.111505 0.31545 -0.195445
85 0.111493 0.315249 -0.195337
86 0.111548 0.314847 -0.195531
87 0.111422 0.314472 -0.195859
88 0.111147 0.314035 -0.196127
89 0.110829 0.313528 -0.196323
90 0.11057 0.313072 -0.196496
91 0.110286 0.312653 -0.196666
92 0.110171 0.312141 -0.197091
93 0.110051 0.31163 -0.197455
94 0.110008 0.311233 -0.197697
95 0.110101 0.310808 -0.197938
96 0.110266 0.3104 -0.197997
97 0.110534 0.310189 -0.198152
98 0.110728 0.309936 -0.19835
99 0.111028 0.309606 -0.198486
