0 2.06619 -2.52311 -0.409004
1 2.11195 -2.29345 -1.23588
2 2.13476 -2.14835 -1.75023
3 2.12524 -2.0198 -2.06202
4 2.11999 -1.93273 -2.27065
5 2.11036 -1.85824 -2.4274
6 2.09911 -1.7932 -2.54737
7 2.0961 -1.74502 -2.65888
8 2.09272 -1.70122 -2.76329
9 2.09132 -1.66499 -2.85485
10 2.0886 -1.63148 -2.93097
11 2.08244 -1.59695 -2.99597
12 2.07718 -1.56397 -3.06176
13 2.06644 -1.52431 -3.13702
14 2.06191 -1.4938 -3.21544
15 2.05386 -1.46247 -3.2763
16 2.04402 -1.4318 -3.32356
17 2.02981 -1.39681 -3.36618
18 2.01919 -1.36832 -3.40265
19 2.00286 -1.33255 -3.43577
20 1.98248 -1.29268 -3.46369
21 1.96343 -1.25496 -3.49305
22 1.95193 -1.22738 -3.52532
23 1.93766 -1.19674 -3.55598
24 1.92532 -1.16907 -3.58426
25 1.91762 -1.14787 -3.6159
26 1.91079 -1.12692 -3.65247
27 1.90551 -1.10861 -3.6871
28 1.90014 -1.09213 -3.71082
29 1.88774 -1.06705 -3.72561
30 1.87284 -1.03874 -3.74012
31 1.85786 -1.01159 -3.74953
32 1.84235 -0.984006 -3.7571
33 1.82265 -0.951711 -3.75888
34 1.80624 -0.92495 -3.74937
35 1.79056 -0.89892 -3.74118
36 1.77728 -0.875773 -3.73729
37 1.76756 -0.857866 -3.7332
38 1.7584 -0.839993 -3.73795
39 1.75394 -0.829794 -3.73499
40 1.74852 -0.818273 -3.73418
41 1.74216 -0.805243 -3.73624
42 1.73226 -0.787776 -3.74165
43 1.72373 -0.771556 -3.75373
44 1.72117 -0.763782 -3.76628
45 1.72263 -0.761882 -3.77752
46 1.7255 -0.761017 -3.79215
47 1.73153 -0.76441 -3.80557
48 1.73792 -0.7684 -3.81774
49 1.74269 -0.770625 -3.8315
50 1.74839 -0.775009 -3.84154
51 1.75233 -0.77724 -3.85099
52 1.75145 -0.772535 -3.86573
53 1.74924 -0.766315 -3.8801
54 1.74825 -0.761365 -3.89589
55 1.74884 -0.758811 -3.9089
56 1.74821 -0.755195 -3.91832
57 1.74681 -0.750571 -3.92977
58 1.74899 -0.751188 -3.93828
59 1.75079 -0.751461 -3.94757
60 1.75319 -0.752634 -3.95523
61 1.75323 -0.750157 -3.9662
62 1.75594 -0.751771 -3.97567
63 1.7584 -0.752564 -3.98853
64 1.76156 -0.754467 -3.99787
65 1.7635 -0.755095 -4.00788
66 1.76403 -0.754395 -4.01468
67 1.76634 -0.756067 -4.02351
68 1.7676 -0.756407 -4.03232
69 1.76925 -0.757294 -4.03992
70 1.77122 -0.758815 -4.04719
71 1.772 -0.759288 -4.05116
72 1.77299 -0.760076 -4.0527
73 1.77325 -0.759815 -4.05413
74 1.7736 -0.760113 -4.05287
75 1.77445 -0.761576 -4.04861
76 1.77502 -0.762566 -4.04305
77 1.77514 -0.762579 -4.03987
78 1.77431 -0.761284 -4.03705
79 1.77272 -0.758823 -4.03519
80 1.77084 -0.756429 -4.03146
81 1.76989 -0.755209 -4.02611
82 1.77068 -0.756262 -4.01933
83 1.76957 -0.754633 -4.01611
84 1.76575 -0.74989 -4.00982
85 1.76288 -0.746144 -4.00695
86 1.76312 -0.747089 -4.00016
87 1.76547 -0.750448 -3.99629
88 1.76731 -0.75316 -3.99342
89 1.76828 -0.754808 -3.99013
90 1.76885 -0.756103 -3.98676
91 1.7696 -0.757565 -3.98428
92 1.77304 -0.762713 -3.97836
93 1.7756 -0.766837 -3.9725
94 1.7768 -0.769075 -3.96746
95 1.77767 -0.771084 -3.96028
96 1.77603 -0.769993 -3.95228
97 1.77573 -0.770188 -3.94595
98 1.77621 -0.771092 -3.93989
99 1.77571 -0.770803 -3.93123
