0.0147137
0.0146397
0.0145659
0.0144938
0.0144225
0.0143533
0.0142833
0.01421
0.0141368
0.0140649
0.0139892
0.0139258
0.0138616
0.0137962
0.0137332
0.0136683
0.0136051
0.0135429
0.0134877
0.013437
0.0133828
0.0133361
0.013295
0.0132566
0.0132147
0.0131755
0.0131368
0.0131016
0.0130687
0.0130365
0.0130012
0.012965
0.0129304
0.0128956
0.0128605
0.012825
0.0127918
0.0127611
0.0127265
0.0126852
0.0126501
0.0126084
0.0125619
0.0125137
0.0124711
0.0124273
0.0123802
0.0123343
0.0122949
0.01225
0.0122091
0.0121699
0.0121298
0.0120854
0.0120439
0.0120071
0.0119737
0.0119382
0.0119034
0.0118694
0.0118326
0.0117865
0.0117444
0.0117096
0.011672
0.0116313
0.0115907
0.0115483
0.011508
0.0114658
0.0114217
0.0113758
0.0113363
0.011297
0.0112611
0.0112297
0.011199
0.01117
0.0111402
0.0111113
0.0110874
0.011062
0.0110383
0.0110174
0.0109906
0.0109663
0.0109386
0.0109105
0.0108828
0.0108551
0.010822
0.0107896
0.010765
0.010746
0.010727
0.0107085
0.0106917
0.0106768
0.0106598
0.010639
