0 0.349388 0.174072 -0.261971
1 0.349542 0.173741 -0.262038
2 0.349607 0.173631 -0.262259
3 0.349821 0.173602 -0.262515
4 0.349518 0.17361 -0.262589
5 0.349237 0.173654 -0.262563
6 0.348733 0.173564 -0.262648
7 0.348311 0.173542 -0.262702
8 0.347928 0.173638 -0.262643
9 0.347477 0.173802 -0.262567
10 0.347045 0.173937 -0.262495
11 0.346812 0.174076 -0.262769
12 0.346777 0.174117 -0.263011
13 0.346922 0.174197 -0.263124
14 0.346901 0.174396 -0.263187
15 0.346694 0.174465 -0.262974
16 0.346527 0.174654 -0.262747
17 0.346197 0.174833 -0.262664
18 0.345866 0.175039 -0.262429
19 0.345683 0.175244 -0.2623
20 0.345433 0.175605 -0.262382
21 0.345237 0.175892 -0.26246
22 0.345074 0.176082 -0.26244
23 0.344645 0.176241 -0.262414
24 0.344057 0.1762 -0.262499
25 0.343559 0.17626 -0.26276
26 0.343203 0.176265 -0.262851
27 0.342664 0.176311 -0.262822
28 0.342395 0.176367 -0.262912
29 0.342341 0.176369 -0.262911
30 0.342227 0.176251 -0.262819
31 0.342199 0.176205 -0.262759
32 0.342223 0.176203 -0.262728
33 0.342087 0.176044 -0.262717
34 0.342131 0.175896 -0.262736
35 0.342218 0.175875 -0.262692
36 0.342268 0.1759 -0.26281
37 0.342109 0.175893 -0.26306
38 0.342054 0.175994 -0.263403
39 0.341975 0.17604 -0.263694
40 0.341766 0.176087 -0.263962
41 0.34136 0.176308 -0.264107
42 0.341033 0.176564 -0.264225
43 0.340871 0.176928 -0.26432
44 0.341007 0.177213 -0.264504
45 0.341001 0.177477 -0.264687
46 0.341047 0.177837 -0.264756
47 0.341192 0.178188 -0.26482
48 0.341302 0.178492 -0.264824
49 0.3415 0.178718 -0.264935
50 0.341706 0.17897 -0.26483
51 0.341854 0.179332 -0.264719
52 0.341993 0.17958 -0.264853
53 0.341966 0.180064 -0.265014
54 0.342024 0.180593 -0.26497
55 0.341845 0.18107 -0.264946
56 0.341818 0.181562 -0.265058
57 0.341704 0.181957 -0.265098
58 0.341513 0.182356 -0.265275
59 0.341202 0.182618 -0.265242
60 0.341146 0.182859 -0.265408
61 0.341092 0.183185 -0.265651
62 0.34102 0.183428 -0.265875
63 0.340935 0.183627 -0.265903
64 0.340788 0.183952 -0.265885
65 0.340444 0.18418 -0.26584
66 0.34031 0.184372 -0.265905
67 0.34004 0.184659 -0.265866
68 0.339818 0.184948 -0.26578
69 0.339745 0.185228 -0.265552
70 0.33948 0.18551 -0.265179
71 0.339231 0.185732 -0.265062
72 0.339039 0.185947 -0.26475
73 0.338768 0.186279 -0.264297
74 0.338605 0.186493 -0.264087
75 0.338592 0.186692 -0.263734
76 0.338555 0.186857 -0.263356
77 0.338387 0.187121 -0.263052
78 0.338303 0.187322 -0.262799
79 0.338474 0.187528 -0.262591
80 0.338649 0.187698 -0.262548
81 0.338982 0.187913 -0.262505
82 0.339124 0.188119 -0.262482
83 0.33942 0.188444 -0.262463
84 0.339653 0.188706 -0.262321
85 0.339962 0.188915 -0.26241
86 0.340219 0.189113 -0.262538
87 0.340568 0.189446 -0.26268
88 0.340861 0.189727 -0.26283
89 0.341266 0.19017 -0.263091
90 0.341632 0.190635 -0.263428
91 0.34199 0.19101 -0.263827
92 0.342199 0.191473 -0.26407
93 0.342326 0.191874 -0.264189
94 0.342549 0.192373 -0.264266
95 0.342797 0.192758 -0.264335
96 0.342936 0.193139 -0.264422
97 0.343104 0.193379 -0.264233
98 0.343224 0.193673 -0.263995
99 0.343449 0.194075 -0.263705
