0 1.99943 -2.99748 1.01118
1 1.99819 -2.99297 1.01831
2 1.99892 -2.99093 1.02061
3 2.00005 -2.98962 1.02293
4 1.99917 -2.98485 1.01866
5 1.9972 -2.97825 1.01406
6 1.99624 -2.97335 1.00918
7 1.99505 -2.96802 1.00419
8 1.99263 -2.9609 0.997808
9 1.98989 -2.9531 0.989234
10 1.98719 -2.94596 0.981166
11 1.98844 -2.94485 0.975535
12 1.98943 -2.94332 0.974071
13 1.98906 -2.9402 0.9741
14 1.98804 -2.93597 0.97006
15 1.98362 -2.92698 0.966052
16 1.9792 -2.91767 0.960347
17 1.9766 -2.91102 0.952657
18 1.97235 -2.90223 0.944595
19 1.96924 -2.89508 0.938216
20 1.96897 -2.89161 0.928627
21 1.9687 -2.88851 0.920989
22 1.96748 -2.88379 0.915536
23 1.96604 -2.87855 0.907406
24 1.9655 -2.87516 0.900575
25 1.96718 -2.87477 0.893412
26 1.96681 -2.8718 0.888732
27 1.96498 -2.86691 0.881337
28 1.96469 -2.86417 0.876938
29 1.96301 -2.86026 0.876041
30 1.95992 -2.85496 0.876575
31 1.95735 -2.85022 0.87686
32 1.95515 -2.84596 0.877134
33 1.95299 -2.84182 0.878121
34 1.95132 -2.83838 0.880868
35 1.94908 -2.8339 0.882239
36 1.94885 -2.83209 0.882307
37 1.9501 -2.83209 0.880331
38 1.95244 -2.83351 0.877537
39 1.95421 -2.83418 0.875226
40 1.95593 -2.83414 0.871557
41 1.95615 -2.83181 0.86296
42 1.95597 -2.82876 0.854921
43 1.95551 -2.82596 0.846791
44 1.95618 -2.82475 0.843295
45 1.9569 -2.82335 0.838465
46 1.95621 -2.82009 0.832648
47 1.95576 -2.81718 0.82833
48 1.95438 -2.81308 0.824384
49 1.95418 -2.81101 0.822681
50 1.95125 -2.80563 0.820544
51 1.94843 -2.80006 0.815932
52 1.94836 -2.79823 0.81305
53 1.94886 -2.79667 0.804239
54 1.94678 -2.79224 0.79573
55 1.94519 -2.78829 0.785005
56 1.9448 -2.78665 0.775898
57 1.94354 -2.78375 0.767549
58 1.94412 -2.78279 0.758051
59 1.942 -2.77829 0.749441
60 1.94236 -2.77673 0.744053
61 1.94354 -2.77637 0.73728
62 1.94467 -2.77594 0.73179
63 1.94323 -2.77257 0.726873
64 1.9411 -2.76827 0.719016
65 1.93866 -2.76353 0.71036
66 1.93736 -2.76057 0.705282
67 1.93518 -2.75578 0.697106
68 1.93238 -2.75014 0.689509
69 1.9276 -2.74225 0.683991
70 1.92137 -2.73168 0.676059
71 1.91838 -2.72553 0.669292
72 1.91289 -2.71645 0.66319
73 1.90588 -2.70518 0.654386
74 1.90178 -2.69808 0.648914
75 1.89587 -2.68908 0.645382
76 1.88951 -2.6799 0.642049
77 1.8838 -2.67173 0.635426
78 1.8788 -2.66455 0.631091
79 1.8743 -2.65857 0.629707
80 1.87189 -2.65532 0.629012
81 1.86925 -2.65233 0.629529
82 1.86704 -2.64973 0.628042
83 1.86495 -2.64713 0.62623
84 1.86142 -2.64239 0.624646
85 1.86038 -2.64119 0.624572
86 1.85946 -2.6409 0.62391
87 1.85903 -2.6409 0.62228
88 1.85869 -2.64098 0.620797
89 1.8598 -2.64257 0.61805
90 1.86179 -2.64529 0.614697
91 1.86477 -2.64933 0.612736
92 1.86595 -2.65111 0.607495
93 1.86575 -2.65111 0.602366
94 1.86504 -2.65049 0.596814
95 1.86437 -2.64992 0.593512
96 1.86395 -2.64945 0.588921
97 1.86016 -2.64437 0.58684
98 1.85569 -2.63819 0.58332
99 1.85061 -2.63124 0.579418
