0.199917
0.0432028
0.0208022
0.0142985
0.0110309
0.00858243
0.00685761
0.00569758
0.00492266
0.00440748
0.00403949
0.00376711
0.00356095
0.00339054
0.00325815
0.00313015
0.00301636
0.0029106
0.00281743
0.00274278
0.00267588
0.00262211
0.00258055
0.00254404
0.00251158
0.00248211
0.00244935
0.00241943
0.00239162
0.00236693
0.00234126
0.0023155
0.00229499
0.00227699
0.00225901
0.00224356
0.00222769
0.00221324
0.00219853
0.00218645
0.00217649
0.00216764
0.00215899
0.00214861
0.00213784
0.00212867
0.00211852
0.00210801
0.00209984
0.00209066
0.00208379
0.00207694
0.00206997
0.00206309
0.00205508
0.0020466
0.00204061
0.00203508
0.00202813
0.00202087
0.00201359
0.00200776
0.00200205
0.00199586
0.00199001
0.00198395
0.00197843
0.00197304
0.00196854
0.00196403
0.0019605
0.00195616
0.00195182
0.00194784
0.00194375
0.00194098
0.00193761
0.00193413
0.00193058
0.00192693
0.00192468
0.00192302
0.00192113
0.00192004
0.00191976
0.00191844
0.001917
0.00191595
0.00191479
0.00191228
0.00191064
0.00190795
0.00190502
0.00190181
0.00189872
0.00189626
0.0018943
0.00189271
0.0018908
0.00188891
