0 0.308246 0.252639 -0.233671
1 0.276641 0.287223 -0.24507
2 0.251504 0.306238 -0.242539
3 0.232254 0.320644 -0.238194
4 0.212948 0.333325 -0.230118
5 0.196284 0.343022 -0.222104
6 0.182606 0.350528 -0.215861
7 0.171465 0.35552 -0.210219
8 0.162678 0.359483 -0.20604
9 0.15587 0.362069 -0.202451
10 0.15001 0.364563 -0.199596
11 0.144939 0.366518 -0.196934
12 0.140357 0.368426 -0.194638
13 0.136164 0.369841 -0.192606
14 0.131878 0.37102 -0.190909
15 0.128076 0.372125 -0.189111
16 0.124093 0.373677 -0.186961
17 0.12043 0.375055 -0.18438
18 0.117313 0.37592 -0.182077
19 0.113867 0.376733 -0.180089
20 0.11078 0.377169 -0.178191
21 0.108313 0.377239 -0.176115
22 0.106155 0.376985 -0.173906
23 0.103775 0.376858 -0.172245
24 0.101567 0.376762 -0.170983
25 0.0990983 0.376472 -0.169753
26 0.0967772 0.376159 -0.168793
27 0.0948332 0.375531 -0.16763
28 0.0929528 0.374576 -0.166419
29 0.0911396 0.373703 -0.165145
30 0.0892136 0.372665 -0.164259
31 0.0876865 0.371563 -0.163347
32 0.086356 0.370709 -0.162209
33 0.0850094 0.369775 -0.161343
34 0.0836894 0.368995 -0.160576
35 0.0822143 0.36845 -0.159995
36 0.0808745 0.367668 -0.159322
37 0.0794953 0.366966 -0.158687
38 0.0781393 0.366309 -0.158404
39 0.0771672 0.365747 -0.158025
40 0.0763272 0.365112 -0.157661
41 0.0755586 0.364601 -0.157423
42 0.0747005 0.36379 -0.157017
43 0.0738937 0.362982 -0.156628
44 0.0731538 0.36225 -0.156592
45 0.0724709 0.361429 -0.156677
46 0.0720603 0.360582 -0.15696
47 0.0717483 0.359812 -0.157196
48 0.0712761 0.359108 -0.157121
49 0.0711685 0.358304 -0.157045
50 0.0710124 0.35744 -0.157132
51 0.0708193 0.356584 -0.157199
52 0.0703746 0.355612 -0.157208
53 0.0701088 0.354565 -0.157225
54 0.0700054 0.353193 -0.156933
55 0.0700972 0.351965 -0.156581
56 0.0700744 0.350921 -0.156543
57 0.0699955 0.34968 -0.156367
58 0.0701248 0.348464 -0.156254
59 0.0700581 0.347547 -0.156078
60 0.0698806 0.346821 -0.155894
61 0.069683 0.346167 -0.156043
62 0.0693075 0.345607 -0.156297
63 0.0690242 0.345153 -0.156697
64 0.0687111 0.344703 -0.156959
65 0.0683757 0.344252 -0.157155
66 0.0679712 0.343927 -0.157219
67 0.0676048 0.343719 -0.1573
68 0.0674677 0.343511 -0.157222
69 0.0670249 0.343303 -0.156811
70 0.0664328 0.343111 -0.15648
71 0.0656938 0.342709 -0.156074
72 0.0650798 0.342333 -0.155768
73 0.0645121 0.341868 -0.155599
74 0.0640386 0.341426 -0.155444
75 0.0635092 0.341091 -0.155414
76 0.0629521 0.340754 -0.155396
77 0.062207 0.340615 -0.155434
78 0.0615777 0.340427 -0.155594
79 0.0611664 0.340346 -0.155715
80 0.0609747 0.340111 -0.155953
81 0.0609292 0.339848 -0.156131
82 0.0609501 0.339598 -0.156337
83 0.060988 0.339474 -0.156501
84 0.0610043 0.339233 -0.156507
85 0.0610515 0.338924 -0.156633
86 0.0612463 0.338705 -0.15688
87 0.061384 0.338424 -0.157118
88 0.0615124 0.338052 -0.15726
89 0.0617887 0.337525 -0.157312
90 0.0620379 0.337091 -0.157304
91 0.06224 0.336611 -0.157204
92 0.0624914 0.33611 -0.157075
93 0.0628254 0.335327 -0.15698
94 0.0628945 0.334691 -0.156917
95 0.0628987 0.334141 -0.156939
96 0.0628628 0.333648 -0.157071
97 0.0627537 0.33308 -0.157023
98 0.0627087 0.33253 -0.156964
99 0.0627393 0.332095 -0.156981
