0 2.04472 -2.1385 -0.735915
1 2.34514 -2.18752 -1.65888
2 2.41767 -2.08513 -2.25917
3 2.44677 -1.98078 -2.71556
4 2.42879 -1.82653 -3.14647
5 2.40021 -1.68251 -3.49927
6 2.38059 -1.57376 -3.78202
7 2.35586 -1.47801 -3.99455
8 2.33964 -1.40785 -4.16262
9 2.32229 -1.34748 -4.28546
10 2.31023 -1.29941 -4.39632
11 2.29726 -1.255 -4.48925
12 2.28735 -1.21703 -4.57551
13 2.27793 -1.18375 -4.64974
14 2.27205 -1.15627 -4.72144
15 2.26373 -1.12711 -4.78577
16 2.25244 -1.0928 -4.85962
17 2.23466 -1.0513 -4.92683
18 2.21785 -1.01407 -4.97927
19 2.2052 -0.98292 -5.03545
20 2.19199 -0.953128 -5.08152
21 2.17442 -0.919592 -5.11427
22 2.1538 -0.883639 -5.13785
23 2.14058 -0.857546 -5.16641
24 2.13169 -0.837931 -5.19305
25 2.12349 -0.819171 -5.22023
26 2.11811 -0.80459 -5.24529
27 2.1087 -0.785918 -5.26071
28 2.09809 -0.766637 -5.27048
29 2.08664 -0.746062 -5.28074
30 2.07977 -0.732021 -5.29017
31 2.07156 -0.716982 -5.29333
32 2.06047 -0.698008 -5.29784
33 2.05246 -0.683497 -5.30147
34 2.04561 -0.670859 -5.30721
35 2.04161 -0.661454 -5.3187
36 2.03576 -0.65045 -5.32465
37 2.03065 -0.640141 -5.3323
38 2.02987 -0.635636 -5.34033
39 2.02699 -0.629042 -5.34456
40 2.02388 -0.622615 -5.34592
41 2.02232 -0.618169 -5.34815
42 2.01849 -0.61096 -5.34693
43 2.01469 -0.603789 -5.34526
44 2.01506 -0.602462 -5.3438
45 2.01657 -0.603133 -5.34032
46 2.01992 -0.6064 -5.33273
47 2.02235 -0.608829 -5.32477
48 2.02144 -0.606528 -5.31987
49 2.01952 -0.60376 -5.30841
50 2.01954 -0.603865 -5.29667
51 2.01935 -0.603831 -5.2856
52 2.01888 -0.603268 -5.27615
53 2.01793 -0.602464 -5.26315
54 2.01242 -0.596195 -5.24307
55 2.00607 -0.588684 -5.2226
56 2.00407 -0.586645 -5.20667
57 2.00008 -0.582327 -5.18859
58 1.99645 -0.578632 -5.16799
59 1.99261 -0.574107 -5.15472
60 1.98924 -0.56973 -5.14589
61 1.98995 -0.570943 -5.13855
62 1.99256 -0.574207 -5.13497
63 1.99681 -0.579714 -5.1316
64 1.99954 -0.582986 -5.12865
65 2.00159 -0.58518 -5.12611
66 2.00236 -0.58531 -5.12631
67 2.00349 -0.585876 -5.12775
68 2.0021 -0.583454 -5.1261
69 1.99736 -0.576107 -5.12867
70 1.99393 -0.570289 -5.13358
71 1.98967 -0.563488 -5.13718
72 1.98624 -0.558148 -5.13948
73 1.9843 -0.555151 -5.13968
74 1.98243 -0.552499 -5.13884
75 1.98225 -0.551957 -5.14033
76 1.98224 -0.551646 -5.14211
77 1.98369 -0.552502 -5.14951
78 1.98623 -0.555118 -5.15459
79 1.98801 -0.556951 -5.1584
80 1.99055 -0.560555 -5.157
81 1.99216 -0.562969 -5.15322
82 1.99397 -0.565825 -5.14883
83 1.99544 -0.568032 -5.14624
84 1.99473 -0.56765 -5.14221
85 1.99531 -0.569188 -5.1367
86 1.99717 -0.57248 -5.13051
87 1.99899 -0.575644 -5.12417
88 1.99946 -0.577252 -5.11659
89 1.99821 -0.577043 -5.10457
90 1.99641 -0.575761 -5.09416
91 1.99342 -0.57292 -5.08359
92 1.99017 -0.569571 -5.07195
93 1.98673 -0.566635 -5.0549
94 1.98452 -0.564801 -5.04376
95 1.98362 -0.564405 -5.03494
96 1.9842 -0.566092 -5.02755
97 1.98269 -0.564939 -5.01999
98 1.98091 -0.563504 -5.01183
99 1.9801 -0.563213 -5.00445
