0.650475
0.126
0.0436577
0.02513
0.0234439
0.0230443
0.0228159
0.0226532
0.0225439
0.02243
0.022321
0.0221686
0.0220002
0.0217938
0.0216181
0.0214331
0.0212753
0.0211024
0.0208995
0.0207095
0.0204572
0.0202024
0.019927
0.0196223
0.019358
0.019107
0.0188497
0.018512
0.0182204
0.0179125
0.0175952
0.0171761
0.0167309
0.0164337
0.0161872
0.0159996
0.0158356
0.0156923
0.0155706
0.0154778
0.0153907
0.0153337
0.0152663
0.0152095
0.0151451
0.0150761
0.0150154
0.0149507
0.0148897
0.0148379
0.0147829
0.0147349
0.0146999
0.0146641
0.0146107
0.0145646
0.0145326
0.0145051
0.0144694
0.0144338
0.0144005
0.0143775
0.0143513
0.0143344
0.0143225
0.0143071
0.0143013
0.0142816
0.0142813
0.0142654
0.0142569
0.0142539
0.0142573
0.0142489
0.0142433
0.0142325
0.0142282
0.0142213
0.0142138
0.0142117
0.0141974
0.0141853
0.0141804
0.0141746
0.0141676
0.0141561
0.0141521
0.0141452
0.0141234
0.0141139
0.0141006
0.0140919
0.0140846
0.0140716
0.0140563
0.0140384
0.0140298
0.0140129
0.0139977
0.0139863
