0 0.254077 0.286013 -0.117622
1 0.199334 0.329673 -0.168777
2 0.125074 0.356273 -0.136496
3 0.106818 0.357536 -0.129434
4 0.103481 0.353495 -0.128456
5 0.101644 0.349645 -0.128171
6 0.10007 0.346038 -0.128328
7 0.098625 0.342533 -0.128159
8 0.0971664 0.338695 -0.127802
9 0.0958262 0.334437 -0.127284
10 0.0947177 0.329647 -0.126792
11 0.0934872 0.324144 -0.126166
12 0.0924656 0.318081 -0.125475
13 0.0915242 0.311954 -0.124748
14 0.0909717 0.30535 -0.123647
15 0.0903862 0.298691 -0.122318
16 0.0896606 0.292197 -0.12068
17 0.0887661 0.28497 -0.118653
18 0.087112 0.277493 -0.116903
19 0.0860142 0.269013 -0.11417
20 0.0844133 0.259811 -0.111776
21 0.0827173 0.249538 -0.108881
22 0.0805487 0.23843 -0.106059
23 0.0781999 0.227114 -0.103374
24 0.0759152 0.216344 -0.100545
25 0.0740985 0.205356 -0.0976248
26 0.0731025 0.193183 -0.0927252
27 0.0722742 0.180193 -0.0875971
28 0.0691901 0.169026 -0.0876813
29 0.0655428 0.157442 -0.088766
30 0.0629546 0.144509 -0.0879644
31 0.0606291 0.130644 -0.0841504
32 0.0590926 0.11746 -0.0777903
33 0.0560663 0.107547 -0.0753463
34 0.0519687 0.100458 -0.0768061
35 0.0479359 0.094581 -0.0790698
36 0.0440914 0.0891512 -0.0817657
37 0.0410771 0.0842353 -0.0837722
38 0.0383776 0.0798087 -0.0856523
39 0.0359373 0.0757089 -0.0871019
40 0.0337449 0.071946 -0.0882177
41 0.0319295 0.0684665 -0.089129
42 0.0298701 0.0646852 -0.0895528
43 0.0279257 0.0608396 -0.0896145
44 0.02582 0.0571773 -0.0902837
45 0.0236567 0.053302 -0.0911097
46 0.0211127 0.0492997 -0.092021
47 0.0189125 0.0452208 -0.0927879
48 0.0170514 0.0417428 -0.0935298
49 0.0151608 0.0384318 -0.0940173
50 0.0134045 0.0348 -0.0942956
51 0.0116555 0.0311749 -0.0945705
52 0.00994677 0.02739 -0.0946079
53 0.00818891 0.0235826 -0.0948634
54 0.00646944 0.0197915 -0.0952703
55 0.00489409 0.0163105 -0.0957172
56 0.00360827 0.0129593 -0.0958813
57 0.00225086 0.00957649 -0.0963653
58 0.000923465 0.00643617 -0.0970475
59 -0.000377615 0.00309538 -0.0975137
60 -0.00139983 -0.000174696 -0.097926
61 -0.00224264 -0.00339104 -0.098368
62 -0.00297498 -0.00635619 -0.09904
63 -0.00345619 -0.00935532 -0.0995119
64 -0.00383719 -0.0119421 -0.100133
65 -0.00392993 -0.0142669 -0.100785
66 -0.00412633 -0.0166968 -0.100956
67 -0.00431873 -0.0184495 -0.101023
68 -0.00433235 -0.0200922 -0.100818
69 -0.00435471 -0.0216499 -0.100677
70 -0.00437405 -0.0229784 -0.100887
71 -0.00412794 -0.0244019 -0.100957
72 -0.00375669 -0.0259152 -0.101047
73 -0.00336825 -0.0272952 -0.101302
74 -0.00298559 -0.0285823 -0.101463
75 -0.0029419 -0.0296151 -0.101863
76 -0.00290688 -0.0306092 -0.102071
77 -0.00287335 -0.031426 -0.102234
78 -0.00287928 -0.0323276 -0.102489
79 -0.00276922 -0.033283 -0.102603
80 -0.0024574 -0.034331 -0.102492
81 -0.00229095 -0.0352191 -0.102438
82 -0.00217037 -0.0363196 -0.102117
83 -0.00237693 -0.0372066 -0.102189
84 -0.00247692 -0.0378896 -0.102187
85 -0.00238146 -0.038699 -0.102101
86 -0.00205951 -0.03958 -0.101852
87 -0.00200846 -0.0404089 -0.101669
88 -0.00183072 -0.0411331 -0.101408
89 -0.00173031 -0.0415556 -0.101335
90 -0.00161361 -0.0420373 -0.101245
91 -0.0015439 -0.0423291 -0.100977
92 -0.00138917 -0.0425729 -0.100658
93 -0.0013582 -0.0429264 -0.100216
94 -0.00133421 -0.0434029 -0.0998634
95 -0.00130176 -0.043934 -0.0996598
96 -0.00117781 -0.0445242 -0.099428
97 -0.00127967 -0.044883 -0.0992139
98 -0.00139766 -0.0454135 -0.0991642
99 -0.00144436 -0.0461484 -0.0989987
