0 1.09114 0.235272 -1.85913
1 1.97849 -0.364758 -3.1966
2 1.85268 0.203739 -4.55559
3 1.81385 0.321891 -4.81589
4 1.79656 0.344694 -4.79875
5 1.78391 0.354057 -4.7649
6 1.77749 0.354931 -4.73168
7 1.76812 0.360602 -4.69891
8 1.75665 0.369083 -4.6617
9 1.7429 0.380202 -4.61632
10 1.72875 0.391117 -4.55955
11 1.7126 0.403953 -4.49394
12 1.69486 0.418489 -4.4172
13 1.677 0.433325 -4.33863
14 1.65346 0.454547 -4.24764
15 1.62737 0.479326 -4.15646
16 1.59809 0.508908 -4.06937
17 1.56291 0.545418 -3.97356
18 1.53182 0.576914 -3.88535
19 1.48643 0.625342 -3.77487
20 1.44467 0.66828 -3.66139
21 1.3955 0.720342 -3.53403
22 1.34625 0.772204 -3.40206
23 1.29845 0.822395 -3.27128
24 1.24895 0.875489 -3.1489
25 1.19768 0.93032 -3.01785
26 1.11994 1.01864 -2.85909
27 1.0379 1.1118 -2.68795
28 1.02118 1.1216 -2.57885
29 1.01556 1.11685 -2.47314
30 0.98563 1.14281 -2.33215
31 0.91873 1.21882 -2.17337
32 0.82268 1.33565 -2.01166
33 0.776953 1.39023 -1.91846
34 0.780348 1.38228 -1.88022
35 0.79487 1.36015 -1.85722
36 0.814867 1.33029 -1.83696
37 0.827593 1.3091 -1.81133
38 0.839321 1.28908 -1.78742
39 0.84621 1.27563 -1.76408
40 0.849871 1.26687 -1.74164
41 0.851818 1.26013 -1.71801
42 0.847322 1.26239 -1.69354
43 0.83832 1.27038 -1.66632
44 0.83662 1.26894 -1.64387
45 0.836283 1.26531 -1.61937
46 0.836405 1.2616 -1.59833
47 0.835451 1.2592 -1.57114
48 0.835281 1.2556 -1.54742
49 0.832287 1.25636 -1.5265
50 0.826359 1.26051 -1.4992
51 0.820583 1.2646 -1.47193
52 0.811632 1.27269 -1.44175
53 0.80522 1.27738 -1.41199
54 0.800816 1.27951 -1.38194
55 0.797552 1.28023 -1.35444
56 0.791628 1.28444 -1.32453
57 0.789318 1.28381 -1.29552
58 0.789982 1.27971 -1.2698
59 0.787518 1.27919 -1.24087
60 0.785107 1.27839 -1.20864
61 0.783142 1.27633 -1.17444
62 0.784435 1.27 -1.1423
63 0.783653 1.2659 -1.10618
64 0.78544 1.25864 -1.07459
65 0.788412 1.24964 -1.04264
66 0.785088 1.2492 -1.01057
67 0.781736 1.25023 -0.988141
68 0.775629 1.25476 -0.964555
69 0.770397 1.25827 -0.942276
70 0.769802 1.25581 -0.923204
71 0.767944 1.25439 -0.899067
72 0.766489 1.25209 -0.872111
73 0.767399 1.24696 -0.846873
74 0.76729 1.2433 -0.823151
75 0.76992 1.23738 -0.807824
76 0.770269 1.23456 -0.793059
77 0.770443 1.23237 -0.780924
78 0.771467 1.22889 -0.768142
79 0.770952 1.22725 -0.752966
80 0.767971 1.22832 -0.73346
81 0.765781 1.2292 -0.718313
82 0.759802 1.23481 -0.700812
83 0.758308 1.2355 -0.691294
84 0.756453 1.23672 -0.68327
85 0.753815 1.23837 -0.670563
86 0.749563 1.24162 -0.653578
87 0.745602 1.24519 -0.641192
88 0.741177 1.24943 -0.62845
89 0.739187 1.25095 -0.621136
90 0.73683 1.25269 -0.61289
91 0.732559 1.25768 -0.607986
92 0.727863 1.26297 -0.602682
93 0.721317 1.27094 -0.597429
94 0.715527 1.27749 -0.590653
95 0.711502 1.28154 -0.582885
96 0.707243 1.2855 -0.572996
97 0.703241 1.29043 -0.569643
98 0.700798 1.29268 -0.564195
99 0.696657 1.29651 -0.55478
