1.08426
0.756572
0.572747
0.460899
0.385178
0.330199
0.291184
0.259385
0.234812
0.214525
0.197836
0.184495
0.172978
0.162303
0.153528
0.146138
0.139214
0.132887
0.127828
0.122643
0.118563
0.114283
0.11054
0.106597
0.102762
0.0999317
0.0969987
0.0948579
0.0927707
0.090699
0.088251
0.0858048
0.0837464
0.0817948
0.079799
0.0780941
0.0767232
0.0754466
0.0738808
0.0725669
0.0710917
0.0699725
0.0688352
0.0676708
0.0667298
0.0657832
0.0647385
0.0637282
0.0626977
0.061681
0.0608822
0.0600805
0.0591987
0.058339
0.0575476
0.056849
0.0561653
0.0555287
0.054784
0.0539796
0.0533404
0.0525567
0.0519994
0.0514581
0.0508072
0.0503074
0.0498942
0.0493451
0.0487814
0.0482764
0.0476451
0.0471576
0.0467128
0.0462654
0.0458172
0.0454258
0.0450413
0.0446778
0.0441822
0.0439066
0.0434956
0.0430114
0.0426338
0.0422866
0.0420531
0.0418579
0.0415783
0.0411322
0.0407695
0.04045
0.040089
0.0397705
0.0394328
0.0391651
0.0388673
0.0385099
0.0382621
0.038044
0.0378848
0.0377324
