0 0.291649 0.13173 -0.273943
1 0.251069 0.102618 -0.281313
2 0.220305 0.0815811 -0.286257
3 0.195246 0.0655315 -0.288602
4 0.174563 0.0530247 -0.289568
5 0.156326 0.0429395 -0.289555
6 0.141374 0.0337807 -0.288656
7 0.128488 0.0258773 -0.287287
8 0.117559 0.0190746 -0.28503
9 0.108436 0.0132895 -0.283223
10 0.100482 0.00778877 -0.281619
11 0.0932445 0.00307067 -0.279823
12 0.0871321 -0.00129789 -0.277743
13 0.0812323 -0.0053483 -0.275759
14 0.0762536 -0.00926949 -0.273757
15 0.0718723 -0.0128232 -0.271555
16 0.0680444 -0.0165024 -0.268951
17 0.0646238 -0.0199258 -0.266644
18 0.0611723 -0.0229329 -0.264041
19 0.058196 -0.0256664 -0.261505
20 0.0548036 -0.0280731 -0.259303
21 0.0515657 -0.0305369 -0.257143
22 0.0488668 -0.032838 -0.254598
23 0.0462612 -0.0351727 -0.252182
24 0.0438901 -0.0374031 -0.249697
25 0.0417399 -0.0395569 -0.247723
26 0.0397484 -0.0412519 -0.245617
27 0.038318 -0.042821 -0.243202
28 0.0369155 -0.0445805 -0.240275
29 0.0359969 -0.046028 -0.23724
30 0.0350552 -0.0476299 -0.234244
31 0.0343287 -0.0493196 -0.231326
32 0.034149 -0.0510263 -0.228333
33 0.0338629 -0.0524503 -0.22534
34 0.0339794 -0.0535537 -0.222202
35 0.0339872 -0.0543169 -0.219339
36 0.0335261 -0.0552421 -0.216276
37 0.0332512 -0.0560865 -0.213092
38 0.0328771 -0.0569462 -0.210083
39 0.0327684 -0.0577971 -0.207156
40 0.0326848 -0.0587199 -0.204355
41 0.0325293 -0.0594009 -0.201697
42 0.0321372 -0.0602314 -0.198908
43 0.0313469 -0.0610599 -0.196028
44 0.0306417 -0.0618642 -0.193325
45 0.0300804 -0.0626085 -0.190696
46 0.0296252 -0.0633159 -0.187742
47 0.0293566 -0.0638309 -0.185045
48 0.0291923 -0.0643269 -0.182538
49 0.0292803 -0.064726 -0.179998
50 0.0295128 -0.0651678 -0.17747
51 0.0300086 -0.0654981 -0.174943
52 0.0304208 -0.0656779 -0.172394
53 0.0309669 -0.065767 -0.169848
54 0.0311946 -0.0658757 -0.167509
55 0.0312634 -0.0660737 -0.164948
56 0.0315239 -0.0662097 -0.162513
57 0.0317978 -0.0664353 -0.160137
58 0.0321928 -0.0665786 -0.158126
59 0.0323445 -0.0666366 -0.156067
60 0.0326603 -0.0668579 -0.153953
61 0.0330016 -0.0669799 -0.151745
62 0.0331363 -0.0670541 -0.149441
63 0.0333459 -0.0671699 -0.147044
64 0.0334873 -0.0674183 -0.144627
65 0.033698 -0.0676516 -0.142341
66 0.0340996 -0.0677947 -0.140036
67 0.0344198 -0.0678892 -0.137805
68 0.0347573 -0.0678575 -0.135827
69 0.0351637 -0.0678197 -0.134242
70 0.035674 -0.0678743 -0.132553
71 0.0363254 -0.0679597 -0.130607
72 0.0368757 -0.0679917 -0.128681
73 0.0374931 -0.0680036 -0.126863
74 0.038093 -0.0681786 -0.125187
75 0.0385427 -0.0683388 -0.123403
76 0.0389921 -0.0684606 -0.12161
77 0.0393025 -0.0686514 -0.119821
78 0.0396243 -0.068729 -0.117993
79 0.0400396 -0.0688391 -0.116129
80 0.0405575 -0.0689603 -0.114148
81 0.041303 -0.0690174 -0.112171
82 0.0421719 -0.069285 -0.11043
83 0.0431984 -0.0695398 -0.108687
84 0.0442806 -0.0697322 -0.107
85 0.0453736 -0.0698737 -0.105473
86 0.0464172 -0.0699955 -0.103918
87 0.047264 -0.0699656 -0.102338
88 0.048107 -0.0699809 -0.1009
89 0.0489761 -0.070185 -0.0993592
90 0.0497202 -0.0703343 -0.0977923
91 0.0504958 -0.070521 -0.0963024
92 0.0512986 -0.0706887 -0.094712
93 0.0520818 -0.070886 -0.0930652
94 0.0528831 -0.0710881 -0.0913968
95 0.0536624 -0.0713718 -0.0895906
96 0.0542506 -0.071434 -0.0878385
97 0.0548376 -0.0714423 -0.0862374
98 0.0554142 -0.0715462 -0.0847032
99 0.0561009 -0.0717935 -0.0831493
