0 1.73925 -2.88209 1.14437
1 1.51272 -2.74511 1.22192
2 1.32137 -2.61199 1.25834
3 1.14274 -2.46466 1.26592
4 0.978584 -2.32069 1.25544
5 0.824568 -2.17765 1.22669
6 0.678057 -2.03765 1.21526
7 0.540209 -1.90341 1.20284
8 0.404881 -1.76717 1.1905
9 0.286144 -1.64927 1.18019
10 0.177412 -1.54348 1.17693
11 0.0735722 -1.44021 1.16693
12 -0.0273438 -1.33927 1.16296
13 -0.122583 -1.24335 1.15523
14 -0.212629 -1.15375 1.15546
15 -0.300775 -1.06441 1.15607
16 -0.389719 -0.973199 1.16446
17 -0.472496 -0.890351 1.17287
18 -0.556409 -0.804282 1.17372
19 -0.635996 -0.722485 1.17543
20 -0.710785 -0.644672 1.16603
21 -0.784231 -0.56893 1.15956
22 -0.859987 -0.490376 1.15734
23 -0.932185 -0.414991 1.15603
24 -1.00274 -0.341185 1.15529
25 -1.06493 -0.277726 1.15617
26 -1.12715 -0.214351 1.15139
27 -1.19083 -0.14903 1.15131
28 -1.26037 -0.076849 1.15427
29 -1.32954 -0.00545692 1.15839
30 -1.39775 0.0647287 1.1642
31 -1.4639 0.132229 1.17422
32 -1.52841 0.197671 1.19215
33 -1.59203 0.263467 1.20435
34 -1.65555 0.329083 1.21649
35 -1.71415 0.390409 1.22234
36 -1.77663 0.456276 1.22425
37 -1.83992 0.522959 1.22731
38 -1.90082 0.586721 1.22903
39 -1.95883 0.647286 1.23427
40 -2.01493 0.705341 1.24108
41 -2.06856 0.761397 1.24326
42 -2.12489 0.820639 1.24459
43 -2.18298 0.88255 1.24029
44 -2.23799 0.940813 1.23676
45 -2.29146 0.997371 1.23387
46 -2.34848 1.05804 1.23212
47 -2.40094 1.11329 1.23053
48 -2.45054 1.16494 1.23006
49 -2.49957 1.21575 1.23206
50 -2.54763 1.26561 1.23661
51 -2.59457 1.31427 1.24355
52 -2.64211 1.36337 1.2471
53 -2.68851 1.41138 1.2514
54 -2.73288 1.4575 1.25146
55 -2.78059 1.50719 1.25058
56 -2.82589 1.5541 1.25154
57 -2.87047 1.59982 1.25447
58 -2.90941 1.63936 1.25792
59 -2.94972 1.68013 1.2569
60 -2.99013 1.72126 1.26033
61 -3.0314 1.76368 1.26308
62 -3.07423 1.8082 1.26222
63 -3.11779 1.85395 1.26287
64 -3.16187 1.90023 1.26435
65 -3.20389 1.94402 1.26676
66 -3.24523 1.98697 1.2708
67 -3.28565 2.02896 1.27309
68 -3.32248 2.06713 1.2738
69 -3.35418 2.09897 1.27535
70 -3.38677 2.13168 1.27968
71 -3.42197 2.16757 1.28629
72 -3.45706 2.2032 1.29104
73 -3.49022 2.23677 1.2963
74 -3.52145 2.2683 1.30333
75 -3.55473 2.30166 1.30774
76 -3.58806 2.33526 1.31152
77 -3.62163 2.36942 1.31431
78 -3.65551 2.40388 1.3159
79 -3.68936 2.43823 1.3194
80 -3.72452 2.47362 1.32445
81 -3.7585 2.50788 1.33214
82 -3.78853 2.53812 1.34458
83 -3.81799 2.56735 1.35937
84 -3.84653 2.59528 1.37417
85 -3.87286 2.62102 1.38846
86 -3.89953 2.64753 1.40206
87 -3.92697 2.67501 1.4108
88 -3.9523 2.70066 1.42005
89 -3.97902 2.72755 1.43198
90 -4.0066 2.75529 1.44164
91 -4.033 2.78172 1.45239
92 -4.0602 2.80936 1.46312
93 -4.08795 2.8374 1.4741
94 -4.11586 2.86565 1.4855
95 -4.14577 2.89593 1.4974
96 -4.17547 2.92571 1.5037
97 -4.20288 2.9532 1.50948
98 -4.22919 2.97953 1.5165
99 -4.25529 3.00557 1.52695
