4.55023
1.589
1.08272
0.825208
0.667413
0.566256
0.484706
0.422554
0.373102
0.331635
0.295561
0.264785
0.240439
0.220727
0.204589
0.192074
0.180957
0.172064
0.164082
0.156959
0.151143
0.145011
0.139538
0.134286
0.129334
0.124304
0.119631
0.115884
0.112479
0.109645
0.107063
0.104551
0.102321
0.100576
0.0989027
0.0971533
0.0956025
0.0937775
0.0929468
0.0929736
0.0924611
0.0924577
0.0936679
0.0950872
0.0964362
0.0985655
0.101599
0.104249
0.105691
0.108698
0.110873
0.112609
0.113884
0.114848
0.115667
0.114272
0.112332
0.110584
0.108524
0.105961
0.103231
0.100246
0.0965618
0.0928105
0.0887738
0.0846715
0.0813255
0.0784123
0.0756213
0.074038
0.0720275
0.070266
0.068713
0.0672259
0.0657138
0.0644506
0.0629835
0.0620065
0.0610229
0.0600223
0.059346
0.0587113
0.0583889
0.0579494
0.0573889
0.0571138
0.0571075
0.0568722
0.0567379
0.0566736
0.0565839
0.0566216
0.0565834
0.0563282
0.0562672
0.0563313
0.0564958
0.056431
0.0564571
0.0564917
