0 -0.105433 0.226275 -0.076899
1 -0.154717 0.198272 0.0162179
2 -0.130774 0.196249 0.0692539
3 -0.106194 0.210302 0.096202
4 -0.0869015 0.221072 0.110591
5 -0.0757145 0.228066 0.116376
6 -0.0706492 0.229566 0.121746
7 -0.0663111 0.228505 0.129094
8 -0.0588941 0.226281 0.137647
9 -0.0490708 0.224099 0.143307
10 -0.0369503 0.221757 0.146097
11 -0.0241803 0.219108 0.147392
12 -0.0119866 0.21709 0.148219
13 -0.00149121 0.216217 0.149023
14 0.00829704 0.216369 0.150346
15 0.0165411 0.217243 0.151961
16 0.0237522 0.218192 0.154041
17 0.0296889 0.218872 0.155955
18 0.0354182 0.219653 0.157779
19 0.0403601 0.220785 0.159406
20 0.0451046 0.222194 0.160643
21 0.0499768 0.223562 0.161799
22 0.0545897 0.224496 0.163165
23 0.0594913 0.225314 0.164376
24 0.0643792 0.226314 0.165417
25 0.0685625 0.227293 0.166245
26 0.0722733 0.228259 0.166944
27 0.0755623 0.228994 0.167694
28 0.0784576 0.229671 0.168519
29 0.0809322 0.230194 0.170091
30 0.082906 0.23089 0.171672
31 0.0847905 0.231673 0.173278
32 0.0869697 0.232539 0.175157
33 0.0890498 0.233964 0.17735
34 0.0908863 0.235796 0.179789
35 0.0923962 0.238025 0.182595
36 0.0938124 0.240661 0.18556
37 0.0951382 0.243689 0.188529
38 0.0959351 0.247009 0.191617
39 0.0971228 0.251006 0.19474
40 0.098533 0.255177 0.19841
41 0.0999572 0.260134 0.202096
42 0.101081 0.265495 0.206029
43 0.102787 0.271959 0.209867
44 0.104736 0.279045 0.2137
45 0.106771 0.287245 0.217562
46 0.109435 0.296843 0.221197
47 0.112607 0.307706 0.224831
48 0.116412 0.319549 0.228246
49 0.120283 0.332636 0.231216
50 0.123945 0.346596 0.233671
51 0.127614 0.361401 0.235679
52 0.131315 0.376675 0.237462
53 0.13542 0.393254 0.239076
54 0.140534 0.411129 0.240742
55 0.146418 0.430212 0.242508
56 0.152998 0.450178 0.243546
57 0.160765 0.471242 0.244925
58 0.168915 0.492215 0.246283
59 0.177612 0.513286 0.247391
60 0.186148 0.533599 0.248802
61 0.193678 0.55335 0.250911
62 0.200433 0.572368 0.25302
63 0.205941 0.590731 0.256066
64 0.210248 0.608071 0.260059
65 0.213735 0.623211 0.264646
66 0.217026 0.635928 0.268787
67 0.219815 0.646116 0.272946
68 0.222223 0.654408 0.277061
69 0.224518 0.661363 0.281083
70 0.226917 0.667087 0.285056
71 0.22878 0.671391 0.288809
72 0.230376 0.675034 0.292837
73 0.231977 0.677815 0.296837
74 0.233151 0.679838 0.300859
75 0.234081 0.681384 0.304601
76 0.234943 0.682215 0.308438
77 0.235519 0.683087 0.312262
78 0.23622 0.683531 0.315738
79 0.236466 0.683583 0.318944
80 0.236669 0.683484 0.321566
81 0.236951 0.683304 0.323951
82 0.236855 0.682974 0.326162
83 0.236654 0.682438 0.328115
84 0.236414 0.681799 0.329765
85 0.236017 0.681108 0.331286
86 0.235556 0.680484 0.332555
87 0.235088 0.680036 0.333719
88 0.234758 0.679695 0.334672
89 0.234622 0.679345 0.335585
90 0.234634 0.678975 0.336318
91 0.234478 0.678584 0.337056
92 0.234355 0.678332 0.337566
93 0.234234 0.677989 0.338158
94 0.234028 0.677651 0.338577
95 0.23391 0.677305 0.338972
96 0.233702 0.677038 0.339338
97 0.233407 0.676755 0.339728
98 0.233127 0.676485 0.340046
99 0.23278 0.676243 0.340409
