0 -0.0334682 2.85136 -4.0026
1 -1.48132 4.84274 -4.30159
2 -2.40184 5.94456 -3.92206
3 -2.95104 6.53436 -3.72045
4 -3.31073 6.88888 -3.55866
5 -3.54761 7.0914 -3.50147
6 -3.76031 7.2807 -3.49308
7 -3.98107 7.49391 -3.4696
8 -4.21371 7.71681 -3.37729
9 -4.40612 7.88386 -3.23771
10 -4.55964 7.9951 -3.05162
11 -4.68377 8.07521 -2.84697
12 -4.79031 8.14228 -2.6532
13 -4.88395 8.20655 -2.49313
14 -4.97534 8.27596 -2.34885
15 -5.06281 8.34685 -2.23409
16 -5.15183 8.42213 -2.13508
17 -5.23566 8.49223 -2.05518
18 -5.31585 8.55819 -1.97854
19 -5.39018 8.61891 -1.91823
20 -5.45736 8.67234 -1.864
21 -5.52238 8.7233 -1.80766
22 -5.58934 8.77603 -1.75386
23 -5.65371 8.82577 -1.69437
24 -5.71468 8.87224 -1.63664
25 -5.76973 8.91415 -1.59168
26 -5.82076 8.95297 -1.55495
27 -5.86948 8.99145 -1.52378
28 -5.91724 9.0299 -1.4988
29 -5.97336 9.07827 -1.48076
30 -6.02761 9.12588 -1.47319
31 -6.08037 9.17331 -1.46752
32 -6.1361 9.22432 -1.45666
33 -6.19438 9.27924 -1.45139
34 -6.25469 9.33688 -1.45255
35 -6.31929 9.39893 -1.46223
36 -6.38462 9.46253 -1.47546
37 -6.44923 9.52581 -1.49174
38 -6.51382 9.58949 -1.51875
39 -6.57854 9.65324 -1.54138
40 -6.65063 9.72434 -1.55932
41 -6.72257 9.79522 -1.58096
42 -6.79705 9.86888 -1.61058
43 -6.86981 9.94117 -1.63556
44 -6.94212 10.0132 -1.65906
45 -7.0145 10.0853 -1.68715
46 -7.08455 10.1553 -1.71253
47 -7.15518 10.2262 -1.73631
48 -7.22443 10.2958 -1.75321
49 -7.28801 10.3599 -1.77631
50 -7.34405 10.4168 -1.80787
51 -7.39409 10.4674 -1.84375
52 -7.44146 10.5155 -1.88161
53 -7.48893 10.5634 -1.91815
54 -7.54178 10.6166 -1.94301
55 -7.60052 10.6758 -1.95965
56 -7.65324 10.7281 -1.96659
57 -7.71786 10.7924 -1.95714
58 -7.78596 10.861 -1.94032
59 -7.85489 10.9305 -1.91447
60 -7.93017 11.0055 -1.88729
61 -8.01282 11.0868 -1.87474
62 -8.09369 11.1659 -1.87146
63 -8.18356 11.2526 -1.88564
64 -8.28196 11.3465 -1.91363
65 -8.38393 11.4445 -1.94132
66 -8.47715 11.5354 -1.95768
67 -8.56652 11.6233 -1.96739
68 -8.6523 11.708 -1.97205
69 -8.73511 11.79 -1.97062
70 -8.81747 11.8724 -1.95973
71 -8.89269 11.9478 -1.95053
72 -8.97014 12.0251 -1.94145
73 -9.04681 12.102 -1.92773
74 -9.12057 12.1757 -1.91692
75 -9.18835 12.2435 -1.9075
76 -9.25675 12.3119 -1.89562
77 -9.32319 12.3776 -1.88845
78 -9.38494 12.4392 -1.87719
79 -9.43935 12.4933 -1.87193
80 -9.48461 12.5384 -1.86678
81 -9.52696 12.5806 -1.86013
82 -9.56406 12.6172 -1.85925
83 -9.59645 12.6492 -1.85953
84 -9.62424 12.6764 -1.86026
85 -9.64903 12.7004 -1.8639
86 -9.66947 12.7201 -1.86909
87 -9.68819 12.7381 -1.87483
88 -9.70459 12.7537 -1.87876
89 -9.72172 12.7698 -1.8796
90 -9.73697 12.7841 -1.87784
91 -9.75078 12.7969 -1.87901
92 -9.76124 12.8067 -1.88032
93 -9.77269 12.8175 -1.88127
94 -9.78073 12.8249 -1.88366
95 -9.78883 12.8325 -1.88478
96 -9.79555 12.839 -1.88769
97 -9.80177 12.845 -1.89216
98 -9.80702 12.8501 -1.89658
99 -9.81219 12.8552 -1.90242
