6.05654
1.82262
1.23692
0.977668
0.816778
0.738759
0.641203
0.57838
0.535218
0.479503
0.431004
0.395595
0.371006
0.354425
0.340087
0.323697
0.308228
0.291131
0.276174
0.267544
0.262342
0.257694
0.255262
0.249595
0.244039
0.240572
0.234104
0.228569
0.221685
0.212701
0.201641
0.194332
0.189078
0.173695
0.159639
0.15594
0.15709
0.151495
0.144454
0.135971
0.133558
0.131094
0.130087
0.125249
0.122851
0.120768
0.117558
0.11705
0.116778
0.117304
0.116833
0.116052
0.115471
0.115044
0.114268
0.111942
0.110814
0.109501
0.10776
0.106553
0.106495
0.10643
0.106366
0.106696
0.10647
0.106411
0.106508
0.105722
0.106015
0.106316
0.106508
0.106374
0.106077
0.106305
0.106307
0.106202
0.106072
0.106046
0.105784
0.105482
0.105092
0.104651
0.104356
0.104054
0.103941
0.103603
0.103283
0.103333
0.103249
0.103162
0.102937
0.10309
0.103029
0.103055
0.103019
0.103032
0.102954
0.103021
0.10306
0.103183
