0 -0.177095 -0.0511649 -0.0552291
1 -0.165203 -0.152828 -0.0386704
2 -0.14041 -0.210119 -0.0246554
3 -0.131748 -0.251245 -0.011775
4 -0.129948 -0.277964 0.0039177
5 -0.139944 -0.289687 0.0102035
6 -0.143442 -0.300921 0.0189884
7 -0.142488 -0.306471 0.026453
8 -0.143451 -0.310792 0.0293634
9 -0.1398 -0.311291 0.0264677
10 -0.12808 -0.316826 0.027795
11 -0.113229 -0.320952 0.0326663
12 -0.10404 -0.321686 0.0362495
13 -0.0999362 -0.316007 0.0374275
14 -0.095884 -0.306484 0.034757
15 -0.0927727 -0.296474 0.0341986
16 -0.087954 -0.288294 0.0378306
17 -0.0824644 -0.281475 0.0455437
18 -0.0758408 -0.273116 0.0536389
19 -0.0691776 -0.263874 0.0604553
20 -0.0626895 -0.252249 0.0674388
21 -0.0549262 -0.239434 0.0758021
22 -0.0471758 -0.22355 0.0849688
23 -0.0419749 -0.206016 0.0958339
24 -0.0369748 -0.186488 0.107823
25 -0.0286206 -0.165383 0.12067
26 -0.0183887 -0.141906 0.131691
27 -0.00565531 -0.115929 0.142699
28 0.00696589 -0.0866323 0.153523
29 0.0150715 -0.0566983 0.163435
30 0.0213225 -0.0290417 0.173095
31 0.0280998 -0.0047962 0.183768
32 0.0362108 0.0188509 0.19373
33 0.0418266 0.0382865 0.201874
34 0.0467687 0.0515531 0.210199
35 0.0505638 0.0628214 0.21848
36 0.0560636 0.0745908 0.226981
37 0.0601874 0.0844851 0.234936
38 0.0640409 0.0919786 0.242368
39 0.0672006 0.0967847 0.248609
40 0.0703119 0.101102 0.253176
41 0.0739654 0.105786 0.257365
42 0.0766474 0.111164 0.262234
43 0.0783004 0.116386 0.266665
44 0.0807908 0.12172 0.270192
45 0.0831817 0.127257 0.273721
46 0.0849944 0.132232 0.277101
47 0.0866482 0.137529 0.280472
48 0.0886403 0.143144 0.283948
49 0.0901259 0.149431 0.288235
50 0.0913182 0.155474 0.292306
51 0.0925801 0.161113 0.295375
52 0.0943156 0.166605 0.297647
53 0.0963507 0.171629 0.299576
54 0.0983234 0.176331 0.301231
55 0.0997565 0.180443 0.302687
56 0.100777 0.184019 0.304098
57 0.101983 0.187432 0.3057
58 0.103418 0.190755 0.30744
59 0.104588 0.193793 0.309181
60 0.105605 0.196785 0.310657
61 0.106998 0.199888 0.311957
62 0.10834 0.203178 0.313208
63 0.109294 0.206738 0.314515
64 0.110233 0.210376 0.315598
65 0.111341 0.21396 0.316591
66 0.112092 0.217274 0.317628
67 0.112791 0.220466 0.318515
68 0.113201 0.223609 0.319499
69 0.113616 0.226454 0.320275
70 0.113764 0.22869 0.320994
71 0.113885 0.230533 0.321698
72 0.11412 0.231992 0.322286
73 0.114432 0.233283 0.32283
74 0.114893 0.234399 0.323193
75 0.11544 0.23549 0.323451
76 0.115876 0.236409 0.323745
77 0.116454 0.237266 0.32395
78 0.116959 0.238099 0.32422
79 0.117478 0.238928 0.324492
80 0.117873 0.23964 0.324817
81 0.118334 0.240298 0.325172
82 0.118951 0.241001 0.325407
83 0.119579 0.241798 0.325695
84 0.120198 0.242616 0.325902
85 0.120893 0.243468 0.326093
86 0.121576 0.244355 0.326257
87 0.122224 0.245328 0.326339
88 0.122793 0.246274 0.326417
89 0.123354 0.247301 0.326505
90 0.12392 0.248364 0.326639
91 0.124448 0.249557 0.326821
92 0.125047 0.250759 0.326915
93 0.125585 0.252021 0.327079
94 0.126172 0.253188 0.327103
95 0.126638 0.254368 0.327157
96 0.127248 0.255484 0.327118
97 0.127786 0.256587 0.327152
98 0.128394 0.257713 0.327085
99 0.128933 0.258746 0.327062
