0 -1.52792 4.21122 0.183243
1 -2.24578 4.78105 1.78691
2 -2.70194 5.09194 2.84315
3 -3.13405 5.43646 3.40554
4 -3.55153 5.84227 3.65603
5 -3.86915 6.16573 3.54767
6 -4.16499 6.46276 3.53254
7 -4.38842 6.68992 3.51977
8 -4.55224 6.84449 3.46199
9 -4.59856 6.85613 3.43027
10 -4.63692 6.85843 3.59532
11 -4.69456 6.88563 3.80602
12 -4.7585 6.92697 3.90161
13 -4.80923 6.96408 3.85863
14 -4.79732 6.93415 3.77418
15 -4.8181 6.93658 3.67512
16 -4.88412 6.98624 3.63323
17 -4.99994 7.08773 3.62717
18 -5.10994 7.18481 3.62933
19 -5.19911 7.2633 3.62638
20 -5.29118 7.34687 3.60188
21 -5.39391 7.44478 3.5934
22 -5.50878 7.55533 3.56446
23 -5.66426 7.70534 3.48673
24 -5.83976 7.87447 3.39889
25 -6.01165 8.04055 3.35962
26 -6.15104 8.17305 3.34144
27 -6.27908 8.30148 3.35643
28 -6.4093 8.43113 3.35105
29 -6.54688 8.56565 3.26806
30 -6.69059 8.70584 3.17943
31 -6.85049 8.86305 3.13118
32 -7.00149 9.01399 3.12012
33 -7.13365 9.14791 3.10076
34 -7.26969 9.2841 3.11621
35 -7.40664 9.41802 3.12386
36 -7.54271 9.55209 3.15926
37 -7.67321 9.67986 3.18029
38 -7.79674 9.80107 3.21339
39 -7.90434 9.90671 3.25103
40 -7.9884 9.98828 3.29027
41 -8.06637 10.0632 3.33788
42 -8.15475 10.1472 3.3639
43 -8.23639 10.2244 3.37251
44 -8.30264 10.288 3.39719
45 -8.36867 10.351 3.41928
46 -8.43186 10.4108 3.43344
47 -8.49384 10.4695 3.44217
48 -8.55686 10.5291 3.45538
49 -8.63188 10.5993 3.45569
50 -8.7026 10.6658 3.45107
51 -8.7578 10.7184 3.45023
52 -8.80001 10.7596 3.45891
53 -8.83628 10.7958 3.47531
54 -8.86831 10.8279 3.49257
55 -8.89717 10.8564 3.50278
56 -8.92505 10.8834 3.50732
57 -8.95578 10.9131 3.51678
58 -8.98874 10.9449 3.53179
59 -9.02161 10.9765 3.54275
60 -9.05035 11.0041 3.55022
61 -9.07671 11.0296 3.56419
62 -9.10206 11.0542 3.57609
63 -9.12802 11.0794 3.5795
64 -9.15049 11.101 3.58225
65 -9.17153 11.1218 3.5884
66 -9.19269 11.1429 3.58808
67 -9.21153 11.1618 3.58742
68 -9.23183 11.1812 3.58122
69 -9.2489 11.1971 3.57608
70 -9.26435 11.2116 3.56793
71 -9.2789 11.2253 3.56131
72 -9.29137 11.2373 3.55846
73 -9.30284 11.2483 3.55758
74 -9.31163 11.2569 3.56021
75 -9.31863 11.2637 3.56468
76 -9.3259 11.2707 3.56749
77 -9.33164 11.2764 3.57348
78 -9.33822 11.2829 3.5782
79 -9.3448 11.2894 3.58333
80 -9.35209 11.2965 3.58651
81 -9.3599 11.304 3.59157
82 -9.36606 11.3099 3.59966
83 -9.37289 11.3165 3.60763
84 -9.37832 11.3219 3.61531
85 -9.38357 11.3271 3.62453
86 -9.38844 11.3318 3.6335
87 -9.39199 11.3354 3.64151
88 -9.39529 11.3385 3.64826
89 -9.39879 11.3416 3.65471
90 -9.40286 11.3455 3.66123
91 -9.40768 11.3499 3.66657
92 -9.41129 11.3532 3.67333
93 -9.41598 11.3575 3.67888
94 -9.41832 11.3597 3.68566
95 -9.4208 11.3621 3.69004
96 -9.42181 11.3633 3.69741
97 -9.42379 11.3651 3.70336
98 -9.42416 11.3658 3.71042
99 -9.42496 11.3667 3.71663
