0.321586
0.0438388
0.0182047
0.0117691
0.00759587
0.00525417
0.00407922
0.00344708
0.0030834
0.00284025
0.0026771
0.00257001
0.00249567
0.00244071
0.00240219
0.00237412
0.00235499
0.0023422
0.00232969
0.00232024
0.00231208
0.00230687
0.00230154
0.00229782
0.00229466
0.00229148
0.0022888
0.00228627
0.00228396
0.00228156
0.00228
0.00227789
0.00227659
0.00227563
0.00227417
0.00227273
0.00227082
0.00226788
0.0022641
0.00225933
0.0022557
0.00225334
0.00224997
0.0022469
0.00224419
0.00224247
0.00223987
0.00223763
0.00223533
0.00223296
0.00223015
0.00222622
0.00222216
0.00221785
0.00221396
0.00221036
0.00220761
0.00220458
0.00220067
0.00219725
0.0021934
0.0021892
0.00218374
0.00217782
0.00217228
0.00216773
0.00216301
0.00215868
0.00215427
0.00215029
0.00214538
0.0021389
0.00213197
0.00212621
0.0021205
0.00211594
0.00211155
0.00210699
0.00210232
0.00209837
0.00209429
0.00209086
0.0020878
0.00208547
0.00208324
0.00208014
0.00207792
0.00207404
0.00206972
0.00206511
0.00206092
0.00205687
0.00205321
0.00204983
0.00204743
0.00204532
0.00204307
0.00204044
0.00203838
0.00203569
