0 0.285777 0.279875 -0.197302
1 0.265078 0.308308 -0.230724
2 0.230969 0.333363 -0.22341
3 0.193397 0.359811 -0.205798
4 0.165444 0.377494 -0.191713
5 0.147731 0.388426 -0.18199
6 0.13518 0.395849 -0.175455
7 0.126155 0.400955 -0.170194
8 0.119001 0.405246 -0.166164
9 0.113298 0.40858 -0.162541
10 0.108766 0.411372 -0.159691
11 0.104148 0.413775 -0.156952
12 0.10052 0.415716 -0.154737
13 0.0974105 0.417391 -0.152789
14 0.0949068 0.41849 -0.151486
15 0.0927608 0.419455 -0.150356
16 0.0910829 0.420053 -0.149416
17 0.0894843 0.420621 -0.148769
18 0.0883078 0.420922 -0.148372
19 0.0874692 0.420984 -0.147996
20 0.0869205 0.420964 -0.147783
21 0.0861986 0.420866 -0.147607
22 0.0857176 0.420779 -0.147537
23 0.0850988 0.420833 -0.147638
24 0.0844778 0.420808 -0.147683
25 0.0838946 0.42081 -0.147672
26 0.083359 0.420816 -0.147629
27 0.083048 0.420865 -0.147628
28 0.0829432 0.420751 -0.147739
29 0.0830075 0.420519 -0.147914
30 0.0831823 0.420308 -0.148245
31 0.083303 0.420163 -0.148573
32 0.0833647 0.420003 -0.148749
33 0.0831974 0.419843 -0.148803
34 0.0831141 0.419636 -0.148915
35 0.0830451 0.419439 -0.149128
36 0.0829967 0.419132 -0.149322
37 0.0827712 0.418677 -0.149586
38 0.0826048 0.418306 -0.149996
39 0.0827803 0.417976 -0.150413
40 0.0827808 0.41765 -0.150671
41 0.0828906 0.417194 -0.151068
42 0.0829897 0.4168 -0.151479
43 0.0829359 0.416492 -0.151773
44 0.0828832 0.416234 -0.151964
45 0.0827871 0.415985 -0.152102
46 0.0826914 0.415696 -0.152301
47 0.0827154 0.415315 -0.152553
48 0.0827613 0.415037 -0.152734
49 0.0827 0.414733 -0.152946
50 0.0825331 0.414375 -0.15314
51 0.082419 0.414092 -0.15333
52 0.0822521 0.413775 -0.153474
53 0.0819387 0.413525 -0.153656
54 0.0815146 0.413331 -0.153737
55 0.0812457 0.413204 -0.153872
56 0.0809773 0.413015 -0.153987
57 0.0805588 0.412778 -0.154248
58 0.0802005 0.412621 -0.154568
59 0.0799676 0.412411 -0.154866
60 0.0797653 0.412199 -0.15512
61 0.0793068 0.411954 -0.155147
62 0.0789887 0.411625 -0.155314
63 0.0786914 0.411263 -0.155584
64 0.0783281 0.410986 -0.155687
65 0.0778575 0.410901 -0.155738
66 0.077382 0.410797 -0.155675
67 0.0768619 0.410594 -0.155602
68 0.0761648 0.410317 -0.155463
69 0.075436 0.410097 -0.155393
70 0.0746653 0.409819 -0.155349
71 0.073861 0.409401 -0.155378
72 0.0730424 0.409009 -0.155376
73 0.0724662 0.40854 -0.155501
74 0.0718218 0.408083 -0.155546
75 0.0712089 0.407783 -0.155542
76 0.0707443 0.407446 -0.155524
77 0.0703489 0.407117 -0.155634
78 0.0701612 0.406777 -0.15577
79 0.0699659 0.406591 -0.155867
80 0.0696542 0.406512 -0.156008
81 0.0692849 0.406464 -0.156236
82 0.0691553 0.406245 -0.15645
83 0.0689112 0.406091 -0.156546
84 0.0687023 0.405747 -0.15675
85 0.0684928 0.405428 -0.156999
86 0.0684297 0.405052 -0.157375
87 0.0682981 0.404531 -0.157663
88 0.0680627 0.403992 -0.157973
89 0.0679507 0.40349 -0.158232
90 0.0678946 0.40318 -0.158461
91 0.0678142 0.402935 -0.158587
92 0.0678369 0.402748 -0.158713
93 0.067939 0.402367 -0.158885
94 0.0680366 0.402216 -0.158976
95 0.0680631 0.401968 -0.159039
96 0.0681508 0.401676 -0.159004
97 0.0681256 0.401248 -0.159057
98 0.0680112 0.400776 -0.15913
99 0.0679396 0.400122 -0.159164
