0 1.85776 -1.37497 -1.43816
1 2.40998 -1.79617 -2.13029
2 2.47511 -1.62912 -2.93554
3 2.43456 -1.32566 -3.80926
4 2.39023 -1.1021 -4.43271
5 2.35291 -0.953276 -4.82474
6 2.32999 -0.856419 -5.09787
7 2.30652 -0.778594 -5.2906
8 2.28988 -0.719705 -5.44743
9 2.27157 -0.666121 -5.57091
10 2.25743 -0.624489 -5.6713
11 2.24381 -0.585965 -5.7676
12 2.23252 -0.554582 -5.84403
13 2.22203 -0.526799 -5.90984
14 2.21619 -0.508681 -5.95875
15 2.21084 -0.492994 -6.0011
16 2.20544 -0.479621 -6.03192
17 2.20313 -0.471139 -6.06114
18 2.20197 -0.46559 -6.08079
19 2.19968 -0.459809 -6.09225
20 2.1984 -0.456134 -6.09857
21 2.19784 -0.45358 -6.10602
22 2.19779 -0.452513 -6.11052
23 2.20037 -0.454691 -6.11925
24 2.2023 -0.456013 -6.1269
25 2.20343 -0.456288 -6.13448
26 2.20408 -0.456141 -6.14149
27 2.20456 -0.456139 -6.14617
28 2.20541 -0.457401 -6.14568
29 2.20632 -0.459303 -6.14127
30 2.20888 -0.463536 -6.13574
31 2.21174 -0.467967 -6.13189
32 2.21299 -0.47012 -6.12868
33 2.21343 -0.47086 -6.12848
34 2.21419 -0.472225 -6.12649
35 2.21608 -0.475239 -6.12441
36 2.21734 -0.477663 -6.12042
37 2.21967 -0.481578 -6.1167
38 2.22371 -0.487686 -6.11342
39 2.22676 -0.493151 -6.10631
40 2.22866 -0.496523 -6.10147
41 2.23158 -0.501931 -6.09306
42 2.23483 -0.507653 -6.08583
43 2.23721 -0.511897 -6.08198
44 2.23849 -0.514578 -6.07889
45 2.23917 -0.516446 -6.07645
46 2.24066 -0.51933 -6.07346
47 2.24232 -0.5228 -6.06748
48 2.24317 -0.525058 -6.06276
49 2.2446 -0.527976 -6.059
50 2.24591 -0.530803 -6.05596
51 2.24709 -0.533387 -6.05339
52 2.24778 -0.535319 -6.05111
53 2.24942 -0.538253 -6.05174
54 2.2504 -0.539881 -6.05469
55 2.2518 -0.542063 -6.05659
56 2.25307 -0.543894 -6.05765
57 2.2565 -0.548216 -6.06002
58 2.26057 -0.553349 -6.0628
59 2.26409 -0.557673 -6.06317
60 2.26689 -0.561168 -6.06319
61 2.26747 -0.561584 -6.06617
62 2.26913 -0.563781 -6.06605
63 2.27186 -0.567617 -6.06503
64 2.27287 -0.569172 -6.06605
65 2.27396 -0.570138 -6.07149
66 2.27347 -0.569308 -6.07677
67 2.27303 -0.568374 -6.0812
68 2.27232 -0.566866 -6.08677
69 2.27266 -0.566477 -6.0938
70 2.27329 -0.566426 -6.10047
71 2.27479 -0.567604 -6.10557
72 2.27599 -0.568345 -6.11124
73 2.27781 -0.570587 -6.11255
74 2.27893 -0.571761 -6.11488
75 2.27964 -0.572176 -6.11927
76 2.27962 -0.571886 -6.12108
77 2.28093 -0.573543 -6.12208
78 2.28196 -0.575233 -6.12028
79 2.28275 -0.576475 -6.12077
80 2.28461 -0.578735 -6.12443
81 2.28774 -0.58258 -6.12942
82 2.28976 -0.585673 -6.12856
83 2.29091 -0.587209 -6.13016
84 2.29307 -0.590298 -6.12852
85 2.29584 -0.594089 -6.12731
86 2.29955 -0.599598 -6.12317
87 2.30208 -0.603752 -6.11782
88 2.30507 -0.608598 -6.11373
89 2.30707 -0.612288 -6.10851
90 2.3089 -0.615474 -6.10541
91 2.30966 -0.617146 -6.10362
92 2.31022 -0.618649 -6.1013
93 2.31068 -0.620749 -6.09504
94 2.31063 -0.621547 -6.09224
95 2.31029 -0.622004 -6.08876
96 2.3085 -0.620684 -6.08377
97 2.30801 -0.62118 -6.07818
98 2.30812 -0.6221 -6.07314
99 2.3074 -0.622362 -6.06484
