0.0432994
0.0423072
0.0413838
0.0404969
0.0396841
0.0389551
0.0382586
0.0375875
0.0369655
0.0363368
0.0357385
0.0351927
0.0346406
0.0340832
0.0335657
0.033088
0.0326348
0.0322055
0.0317689
0.0313179
0.0308901
0.0304869
0.030078
0.0296842
0.0293494
0.0290219
0.0287164
0.0284248
0.0281173
0.0278158
0.0275362
0.0272621
0.0269953
0.0267507
0.0265044
0.0262576
0.0260216
0.025793
0.0255709
0.0253557
0.0251446
0.0249599
0.024782
0.0245944
0.0244102
0.0242206
0.0240104
0.0237951
0.0235748
0.0233672
0.0231728
0.0229831
0.022794
0.0225971
0.0224087
0.0222186
0.0220333
0.0218656
0.0217014
0.0215358
0.0213742
0.0212208
0.0210697
0.0209161
0.0207695
0.0206294
0.0204912
0.0203774
0.0202688
0.0201566
0.0200543
0.0199574
0.0198622
0.0197609
0.019646
0.0195349
0.0194224
0.019314
0.0192108
0.0191094
0.0190037
0.0188984
0.0188048
0.0187104
0.0186082
0.018506
0.0184056
0.0183126
0.0182302
0.0181565
0.0180783
0.0180024
0.0179333
0.0178657
0.0178008
0.0177306
0.0176594
0.0175845
0.0174976
0.0174146
