0 0.348123 0.174498 -0.262467
1 0.347306 0.1745 -0.26301
2 0.346468 0.174189 -0.2637
3 0.345876 0.173975 -0.264492
4 0.345399 0.173921 -0.26518
5 0.344761 0.173927 -0.265911
6 0.344109 0.173775 -0.266552
7 0.343389 0.173699 -0.266843
8 0.342733 0.173936 -0.267162
9 0.342011 0.174151 -0.267386
10 0.341742 0.174192 -0.267956
11 0.341036 0.174226 -0.268414
12 0.340059 0.174121 -0.26881
13 0.339238 0.173963 -0.268858
14 0.338585 0.174121 -0.268935
15 0.337763 0.174273 -0.268816
16 0.337251 0.174378 -0.268759
17 0.336663 0.174411 -0.268925
18 0.336163 0.17442 -0.268932
19 0.335654 0.174461 -0.268992
20 0.334896 0.174303 -0.269156
21 0.334209 0.174222 -0.269499
22 0.333425 0.17427 -0.269326
23 0.332773 0.17439 -0.26923
24 0.332383 0.174703 -0.269053
25 0.332033 0.175011 -0.268829
26 0.331684 0.1751 -0.268659
27 0.331421 0.1754 -0.268816
28 0.330815 0.175669 -0.269063
29 0.330212 0.176069 -0.269081
30 0.32998 0.176617 -0.269042
31 0.329847 0.177286 -0.26895
32 0.329469 0.178003 -0.268748
33 0.329137 0.178597 -0.268503
34 0.328793 0.179242 -0.268264
35 0.328407 0.179807 -0.268027
36 0.3281 0.180423 -0.267805
37 0.327732 0.181076 -0.267616
38 0.327249 0.181587 -0.267442
39 0.326626 0.182118 -0.267237
40 0.325954 0.182571 -0.266919
41 0.325207 0.182859 -0.266693
42 0.324492 0.183073 -0.26644
43 0.32373 0.18324 -0.266304
44 0.323034 0.183561 -0.266152
45 0.322513 0.183815 -0.265952
46 0.321768 0.184035 -0.265852
47 0.321156 0.184153 -0.265738
48 0.320563 0.184214 -0.265627
49 0.320077 0.18449 -0.265394
50 0.319433 0.184868 -0.265222
51 0.318767 0.185371 -0.265004
52 0.317926 0.185786 -0.264807
53 0.317138 0.186394 -0.26449
54 0.316593 0.187104 -0.264208
55 0.316336 0.187591 -0.264123
56 0.316148 0.187936 -0.263917
57 0.315635 0.188235 -0.263709
58 0.315044 0.188593 -0.263586
59 0.314437 0.188831 -0.263452
60 0.314131 0.188994 -0.26355
61 0.313681 0.189237 -0.263447
62 0.312967 0.189558 -0.263444
63 0.312205 0.18987 -0.263276
64 0.311508 0.190169 -0.262987
65 0.310799 0.190506 -0.262686
66 0.310119 0.190877 -0.262273
67 0.309425 0.191125 -0.261811
68 0.308813 0.191562 -0.261394
69 0.308313 0.19201 -0.261036
70 0.307936 0.19241 -0.260623
71 0.307554 0.192875 -0.260104
72 0.307119 0.193262 -0.259571
73 0.306582 0.193634 -0.258917
74 0.306 0.193969 -0.258338
75 0.305389 0.194344 -0.25758
76 0.304722 0.194841 -0.256776
77 0.304067 0.195249 -0.256076
78 0.303249 0.195708 -0.255336
79 0.302549 0.196141 -0.254582
80 0.301787 0.196487 -0.253829
81 0.301297 0.196875 -0.253134
82 0.300982 0.197139 -0.252664
83 0.300674 0.197311 -0.252288
84 0.300281 0.197479 -0.251767
85 0.299915 0.197583 -0.2512
86 0.299625 0.197708 -0.250685
87 0.299369 0.197913 -0.250268
88 0.299153 0.197999 -0.249988
89 0.298807 0.198138 -0.249742
90 0.298608 0.198185 -0.249618
91 0.298308 0.198377 -0.249406
92 0.297976 0.19851 -0.24931
93 0.297635 0.198526 -0.249236
94 0.297202 0.198456 -0.249058
95 0.296881 0.198515 -0.248697
96 0.296479 0.198603 -0.248427
97 0.295848 0.198759 -0.248068
98 0.295345 0.198878 -0.247857
99 0.294918 0.198924 -0.247678
