0 1.99513 -2.99122 0.989127
1 1.98938 -2.9816 0.978885
2 1.98536 -2.97438 0.973258
3 1.98319 -2.9696 0.968725
4 1.98019 -2.96461 0.963254
5 1.9782 -2.96082 0.955404
6 1.97488 -2.95586 0.949949
7 1.96766 -2.94545 0.942813
8 1.96118 -2.9359 0.930829
9 1.95368 -2.92492 0.918572
10 1.94995 -2.92112 0.914578
11 1.94509 -2.9146 0.906075
12 1.93942 -2.90683 0.896898
13 1.93003 -2.894 0.889608
14 1.92176 -2.8821 0.878628
15 1.91162 -2.86724 0.866178
16 1.90262 -2.85385 0.858086
17 1.89586 -2.84374 0.850194
18 1.88723 -2.83118 0.84366
19 1.87927 -2.81969 0.83676
20 1.87251 -2.81047 0.830089
21 1.86793 -2.80395 0.822857
22 1.85771 -2.7889 0.812091
23 1.84903 -2.77625 0.801557
24 1.83984 -2.7625 0.790413
25 1.83038 -2.74805 0.779943
26 1.82188 -2.73477 0.773355
27 1.81745 -2.72703 0.764405
28 1.81368 -2.72043 0.752116
29 1.80795 -2.7103 0.737779
30 1.8016 -2.70012 0.725365
31 1.79443 -2.68947 0.711912
32 1.78635 -2.67708 0.694943
33 1.7777 -2.66392 0.680544
34 1.76933 -2.65086 0.665388
35 1.76079 -2.63791 0.650752
36 1.75276 -2.62543 0.635903
37 1.74498 -2.61373 0.619466
38 1.73708 -2.60253 0.603807
39 1.7289 -2.59098 0.586123
40 1.71964 -2.57758 0.569267
41 1.71173 -2.56584 0.554349
42 1.70312 -2.55373 0.540577
43 1.6958 -2.54364 0.526784
44 1.6885 -2.53332 0.511254
45 1.68044 -2.52155 0.498733
46 1.67367 -2.51132 0.484156
47 1.66642 -2.50067 0.472764
48 1.65891 -2.49061 0.462637
49 1.65046 -2.47891 0.450538
50 1.64302 -2.46808 0.435367
51 1.63509 -2.45658 0.41808
52 1.627 -2.44537 0.400153
53 1.61776 -2.43219 0.379875
54 1.60921 -2.42017 0.3603
55 1.60243 -2.41149 0.347939
56 1.59442 -2.40137 0.338668
57 1.58654 -2.39094 0.326113
58 1.57983 -2.38168 0.311636
59 1.57288 -2.37246 0.29876
60 1.56876 -2.3672 0.290742
61 1.5624 -2.35879 0.279773
62 1.55735 -2.35159 0.264718
63 1.55043 -2.34159 0.249192
64 1.54219 -2.33013 0.234692
65 1.53386 -2.31842 0.219415
66 1.5245 -2.30543 0.204196
67 1.51491 -2.29176 0.190821
68 1.50609 -2.27908 0.175464
69 1.49805 -2.26748 0.161027
70 1.48956 -2.25516 0.14905
71 1.47992 -2.24115 0.136323
72 1.46983 -2.22684 0.124093
73 1.4578 -2.21029 0.110854
74 1.44669 -2.19499 0.0977365
75 1.43366 -2.17684 0.0834541
76 1.42013 -2.15797 0.0665226
77 1.40785 -2.14083 0.0509458
78 1.39525 -2.12331 0.0326759
79 1.38249 -2.10559 0.0162054
80 1.36965 -2.08737 0.000591516
81 1.35764 -2.07054 -0.0124452
82 1.34802 -2.0576 -0.0213201
83 1.33941 -2.04597 -0.0285329
84 1.32911 -2.03199 -0.0367138
85 1.31817 -2.01725 -0.0435419
86 1.30807 -2.00349 -0.0497669
87 1.2995 -1.99144 -0.0569991
88 1.29266 -1.98185 -0.0617522
89 1.28626 -1.97253 -0.0689565
90 1.28137 -1.9655 -0.0730486
91 1.2756 -1.95726 -0.0805622
92 1.27117 -1.95082 -0.0876484
93 1.26707 -1.94494 -0.0928786
94 1.26172 -1.93714 -0.098089
95 1.25405 -1.92655 -0.104002
96 1.24762 -1.91733 -0.111633
97 1.24014 -1.90623 -0.123522
98 1.23408 -1.89764 -0.132993
99 1.22854 -1.88971 -0.140117
