0.534818
0.114443
0.0414493
0.0213928
0.0179266
0.0168012
0.0162393
0.0158668
0.0155378
0.0152544
0.0149469
0.0146538
0.0143267
0.0139562
0.013624
0.0133124
0.0130108
0.0127414
0.0124387
0.0121291
0.0118181
0.0115182
0.0112301
0.0109394
0.0106559
0.0103942
0.0101348
0.00990545
0.00971036
0.0095586
0.00944453
0.00933663
0.00924806
0.00915811
0.00906505
0.0089839
0.00890266
0.0088297
0.00874808
0.0086796
0.0085958
0.00850786
0.00839544
0.0082805
0.00818201
0.00807866
0.00798432
0.00789722
0.00781417
0.00773827
0.00767829
0.00760878
0.00754714
0.00747726
0.00741585
0.00736284
0.00730888
0.00725158
0.00719709
0.00714237
0.00710097
0.00705559
0.00700757
0.0069708
0.0069333
0.00688959
0.00684877
0.00680917
0.00676508
0.00672519
0.00668982
0.00664809
0.00661361
0.00657468
0.00653973
0.00650473
0.00647474
0.00644245
0.00641163
0.00637478
0.00634094
0.00630127
0.00625976
0.00622111
0.00618344
0.00615002
0.00611387
0.00607747
0.00603654
0.00599762
0.005966
0.00593228
0.00590462
0.00587443
0.00584506
0.00581507
0.00578851
0.00576118
0.00573761
0.0057154
