0 0.251427 0.26149 -0.167072
1 0.191631 0.304012 -0.193308
2 0.136389 0.316828 -0.165851
3 0.121473 0.316668 -0.157947
4 0.11538 0.313425 -0.154347
5 0.111742 0.308989 -0.151539
6 0.109079 0.303545 -0.149
7 0.106049 0.297256 -0.146278
8 0.103657 0.290332 -0.143836
9 0.100711 0.283004 -0.141546
10 0.0980952 0.275327 -0.139034
11 0.095214 0.267291 -0.136085
12 0.0921159 0.258307 -0.133145
13 0.0892293 0.249439 -0.130541
14 0.0861232 0.240907 -0.128356
15 0.0826073 0.233165 -0.126512
16 0.0785156 0.22512 -0.124879
17 0.0746307 0.216973 -0.122899
18 0.0708754 0.207495 -0.120249
19 0.0671505 0.198254 -0.11725
20 0.0636138 0.188842 -0.114262
21 0.0605518 0.179447 -0.110487
22 0.0577268 0.169396 -0.105476
23 0.0556502 0.159285 -0.0998348
24 0.0539101 0.149243 -0.093897
25 0.0523715 0.139421 -0.0885999
26 0.0506136 0.129665 -0.0827081
27 0.0485567 0.120733 -0.0777932
28 0.0461499 0.113395 -0.0741403
29 0.0439482 0.107173 -0.0714807
30 0.0413245 0.101907 -0.0694634
31 0.0392026 0.0972287 -0.0679166
32 0.037009 0.0928402 -0.0667271
33 0.0344867 0.0885966 -0.0652865
34 0.0323041 0.084559 -0.0644282
35 0.0300315 0.080176 -0.0631733
36 0.0279135 0.0761851 -0.0622264
37 0.0256536 0.0721 -0.0618385
38 0.0235254 0.0678351 -0.0610677
39 0.0217774 0.063373 -0.0600096
40 0.0200378 0.0584275 -0.0583886
41 0.0181762 0.053238 -0.0565893
42 0.0160251 0.0478452 -0.0545272
43 0.0141005 0.0427693 -0.0521511
44 0.0120293 0.037941 -0.0499973
45 0.0104626 0.0335844 -0.0480623
46 0.00920204 0.0293796 -0.0463392
47 0.00834168 0.0253963 -0.0449627
48 0.00788284 0.0215726 -0.0431759
49 0.00722055 0.0184503 -0.0417662
50 0.00667427 0.0153392 -0.0412537
51 0.00637768 0.0121326 -0.0409111
52 0.00607462 0.00910058 -0.0410049
53 0.00585357 0.00591033 -0.0408892
54 0.00568644 0.00340364 -0.0410731
55 0.00553844 0.000903358 -0.0415777
56 0.00540952 -0.00155396 -0.0422607
57 0.00556464 -0.00397673 -0.0426468
58 0.00574825 -0.00637055 -0.043047
59 0.00608192 -0.00871774 -0.0433364
60 0.00648228 -0.0110255 -0.0435825
61 0.00709484 -0.0134366 -0.043366
62 0.00769682 -0.0160172 -0.0430771
63 0.00823377 -0.0183689 -0.0431124
64 0.0089287 -0.0206489 -0.043475
65 0.00960494 -0.023238 -0.0436163
66 0.0101901 -0.0255934 -0.0442261
67 0.010865 -0.0280469 -0.0444464
68 0.0114326 -0.0304453 -0.0447845
69 0.0120557 -0.0328121 -0.045155
70 0.0125371 -0.0350551 -0.0455808
71 0.0130763 -0.0374035 -0.0462751
72 0.0138402 -0.0396262 -0.0469181
73 0.0143601 -0.0416231 -0.0479887
74 0.0148021 -0.0436029 -0.0488768
75 0.0152152 -0.0457539 -0.0496191
76 0.0156461 -0.0480602 -0.0504036
77 0.016009 -0.0504433 -0.0509576
78 0.0161571 -0.0527334 -0.0514492
79 0.0162809 -0.0549494 -0.0523593
80 0.0164249 -0.0570063 -0.0533318
81 0.0166214 -0.0592879 -0.0545613
82 0.0167353 -0.0617166 -0.0556036
83 0.0169053 -0.0638872 -0.0564871
84 0.0169733 -0.0660105 -0.0571704
85 0.0167715 -0.0679998 -0.0580598
86 0.0165674 -0.0699903 -0.0588872
87 0.0163216 -0.0719357 -0.0600275
88 0.0158932 -0.073888 -0.0614425
89 0.0155275 -0.0758047 -0.0626785
90 0.0150277 -0.0777512 -0.0637353
91 0.0146109 -0.0795224 -0.0646759
92 0.0142777 -0.0811698 -0.0655122
93 0.0141733 -0.0828962 -0.0662989
94 0.0143333 -0.0844964 -0.0669979
95 0.0144464 -0.0861359 -0.0675215
96 0.0145231 -0.0876775 -0.0681312
97 0.0142564 -0.0889444 -0.0691572
98 0.0140389 -0.0901407 -0.0699929
99 0.0137854 -0.0912383 -0.0708775
