0 1.46737 -0.652351 -1.50747
1 2.03241 -0.853097 -2.90898
2 1.86275 -0.320863 -3.79424
3 1.80632 -0.159856 -3.97841
4 1.77206 -0.0810089 -4.00436
5 1.7365 -0.0206051 -3.98195
6 1.69866 0.0323076 -3.93294
7 1.65644 0.0864267 -3.87737
8 1.61478 0.135001 -3.80458
9 1.57453 0.180768 -3.73354
10 1.53015 0.229997 -3.65299
11 1.48032 0.286675 -3.57059
12 1.42883 0.343951 -3.47766
13 1.38082 0.395858 -3.38458
14 1.33861 0.441012 -3.30081
15 1.30174 0.480999 -3.23484
16 1.26731 0.518071 -3.17332
17 1.22844 0.561132 -3.1075
18 1.17919 0.615942 -3.02032
19 1.12618 0.676651 -2.93655
20 1.07306 0.737681 -2.84797
21 1.00973 0.81144 -2.75334
22 0.930582 0.906145 -2.64614
23 0.843786 1.01056 -2.52825
24 0.753487 1.11934 -2.40737
25 0.671034 1.21713 -2.2877
26 0.58161 1.32516 -2.17315
27 0.504736 1.41763 -2.07591
28 0.445415 1.48923 -2.00715
29 0.39967 1.54368 -1.95136
30 0.36273 1.58838 -1.91571
31 0.33242 1.62398 -1.88086
32 0.306761 1.65394 -1.8513
33 0.278061 1.68907 -1.82884
34 0.257053 1.71355 -1.80457
35 0.230429 1.74509 -1.77683
36 0.208168 1.77087 -1.75248
37 0.19224 1.78805 -1.72902
38 0.171591 1.81119 -1.70124
39 0.147284 1.83809 -1.66512
40 0.115501 1.87454 -1.62228
41 0.0809231 1.91484 -1.57787
42 0.0423603 1.96091 -1.5352
43 0.000562668 2.01136 -1.49375
44 -0.0387325 2.05887 -1.45801
45 -0.0741005 2.1009 -1.42136
46 -0.1066 2.1383 -1.38247
47 -0.134022 2.16824 -1.34073
48 -0.165714 2.2032 -1.29543
49 -0.19206 2.23236 -1.26272
50 -0.207516 2.2462 -1.22837
51 -0.220461 2.25628 -1.18901
52 -0.227957 2.25904 -1.15213
53 -0.237864 2.26527 -1.11181
54 -0.243187 2.26609 -1.07976
55 -0.244436 2.26138 -1.04781
56 -0.243299 2.25366 -1.01621
57 -0.245163 2.24951 -0.980667
58 -0.246868 2.24504 -0.945242
59 -0.24942 2.24156 -0.908212
60 -0.252131 2.23844 -0.870608
61 -0.260176 2.2419 -0.828369
62 -0.269064 2.24657 -0.784059
63 -0.273851 2.24615 -0.743915
64 -0.274288 2.23968 -0.702551
65 -0.277828 2.23681 -0.657181
66 -0.275602 2.22659 -0.61645
67 -0.277906 2.22237 -0.572951
68 -0.278837 2.2166 -0.531735
69 -0.279213 2.21011 -0.489968
70 -0.279028 2.20318 -0.451934
71 -0.275572 2.1915 -0.411682
72 -0.272085 2.17945 -0.369685
73 -0.263536 2.16138 -0.334376
74 -0.257204 2.14666 -0.300187
75 -0.252739 2.13446 -0.264148
76 -0.248093 2.12144 -0.225742
77 -0.246565 2.11236 -0.187282
78 -0.246222 2.10542 -0.153051
79 -0.240623 2.09176 -0.120224
80 -0.234106 2.07693 -0.0892141
81 -0.224651 2.05769 -0.0542257
82 -0.217884 2.04215 -0.018523
83 -0.21258 2.02887 0.0145721
84 -0.209835 2.01932 0.0456876
85 -0.204924 2.00776 0.0710205
86 -0.200863 1.99715 0.0964353
87 -0.193111 1.98151 0.120671
88 -0.182404 1.96231 0.142248
89 -0.173708 1.94563 0.164158
90 -0.167627 1.93282 0.18455
91 -0.162167 1.92129 0.203925
92 -0.157652 1.91103 0.222726
93 -0.153255 1.90026 0.246177
94 -0.149088 1.8895 0.27173
95 -0.147038 1.88185 0.29707
96 -0.143936 1.87303 0.320624
97 -0.136307 1.85924 0.335311
98 -0.130623 1.84822 0.349824
99 -0.124107 1.83658 0.3624
