0.0087738
0.00869215
0.00862026
0.00855073
0.00847824
0.00841107
0.00834493
0.00827143
0.00819375
0.00812255
0.00805505
0.00799691
0.00793929
0.00787186
0.00779043
0.00771306
0.00764794
0.00758955
0.00753262
0.00745694
0.00738527
0.00732644
0.00726298
0.00719045
0.0071138
0.00704339
0.00696584
0.00689011
0.00681958
0.00676315
0.00670804
0.00665281
0.0065953
0.0065387
0.00648584
0.00643609
0.00638358
0.00633646
0.00629069
0.00624604
0.00620918
0.00617703
0.00614105
0.00610567
0.00607495
0.0060416
0.00600823
0.00597481
0.00594439
0.00591725
0.00589585
0.00587581
0.00585835
0.0058391
0.00582254
0.00580707
0.00578855
0.00577102
0.0057527
0.00573326
0.00571449
0.00569797
0.0056812
0.00566611
0.00565318
0.00564402
0.00563624
0.00562851
0.00562238
0.00561346
0.00560333
0.00559079
0.00557499
0.00555555
0.00553515
0.00551235
0.00548699
0.00546537
0.00544814
0.00543235
0.00541515
0.00539974
0.00538278
0.00536726
0.00535014
0.00533149
0.00531388
0.00529945
0.00528594
0.00527352
0.00525926
0.00524388
0.00522621
0.0052099
0.00518921
0.0051686
0.00514836
0.00512995
0.00510317
0.0050725
