0 0.348199 0.17577 -0.26043
1 0.347424 0.177332 -0.259022
2 0.346352 0.17875 -0.257487
3 0.345269 0.180388 -0.256185
4 0.344378 0.181861 -0.255046
5 0.343167 0.183199 -0.253927
6 0.342243 0.184317 -0.25288
7 0.34065 0.185529 -0.251945
8 0.339344 0.186562 -0.25151
9 0.337911 0.187526 -0.250825
10 0.336833 0.188383 -0.250413
11 0.336037 0.188958 -0.25031
12 0.334773 0.18972 -0.250139
13 0.333512 0.190632 -0.249913
14 0.332082 0.191721 -0.249826
15 0.330931 0.192725 -0.249833
16 0.329431 0.193871 -0.249893
17 0.328704 0.194927 -0.25004
18 0.327815 0.195997 -0.250418
19 0.327146 0.197077 -0.250825
20 0.327016 0.197775 -0.251307
21 0.326942 0.198296 -0.251748
22 0.326525 0.198884 -0.252223
23 0.326121 0.199708 -0.252581
24 0.326268 0.200612 -0.253052
25 0.325392 0.201788 -0.253224
26 0.324177 0.202757 -0.253499
27 0.322973 0.203892 -0.253668
28 0.321814 0.204613 -0.253517
29 0.320984 0.205297 -0.253149
30 0.320136 0.20586 -0.253106
31 0.319366 0.206295 -0.252985
32 0.318923 0.206908 -0.253206
33 0.318244 0.207613 -0.253573
34 0.317767 0.208443 -0.253608
35 0.317082 0.209377 -0.253726
36 0.316695 0.210403 -0.25408
37 0.316832 0.211611 -0.254264
38 0.316735 0.213038 -0.254326
39 0.31635 0.214357 -0.254698
40 0.316285 0.215394 -0.255131
41 0.316348 0.216183 -0.255649
42 0.315994 0.216767 -0.256123
43 0.315553 0.217273 -0.256498
44 0.31508 0.217809 -0.257147
45 0.314546 0.218206 -0.257759
46 0.314056 0.218429 -0.258678
47 0.313629 0.218709 -0.259344
48 0.312988 0.219314 -0.259408
49 0.312687 0.219865 -0.25951
50 0.312209 0.220417 -0.259662
51 0.311803 0.220997 -0.259614
52 0.311322 0.22153 -0.259576
53 0.310887 0.222094 -0.25968
54 0.310284 0.222524 -0.259451
55 0.309706 0.223027 -0.259318
56 0.309108 0.223564 -0.259217
57 0.308665 0.22399 -0.259281
58 0.308146 0.224563 -0.259577
59 0.307658 0.225029 -0.259963
60 0.306949 0.225411 -0.260427
61 0.306503 0.225798 -0.260986
62 0.30638 0.226151 -0.261803
63 0.306214 0.22636 -0.262591
64 0.30619 0.226638 -0.263138
65 0.306094 0.226932 -0.263517
66 0.306134 0.22717 -0.264043
67 0.30617 0.227252 -0.264588
68 0.306611 0.227472 -0.265147
69 0.306897 0.227802 -0.265507
70 0.307427 0.228008 -0.266122
71 0.30818 0.228338 -0.266725
72 0.309085 0.228782 -0.267358
73 0.309981 0.229212 -0.267558
74 0.310859 0.22958 -0.267965
75 0.311803 0.230113 -0.268396
76 0.312468 0.230587 -0.268695
77 0.313076 0.230737 -0.269535
78 0.313481 0.230631 -0.270011
79 0.313654 0.230393 -0.270409
80 0.313675 0.23026 -0.270931
81 0.313681 0.230382 -0.271089
82 0.3135 0.230725 -0.271021
83 0.313211 0.230966 -0.270759
84 0.312969 0.231088 -0.270596
85 0.312784 0.231287 -0.270624
86 0.312803 0.231315 -0.270361
87 0.312967 0.231244 -0.270047
88 0.313004 0.231131 -0.269695
89 0.31276 0.230896 -0.269249
90 0.312483 0.23067 -0.268655
91 0.31212 0.23046 -0.267662
92 0.311828 0.230044 -0.266983
93 0.31146 0.229638 -0.265947
94 0.310982 0.229151 -0.264991
95 0.310282 0.228726 -0.264263
96 0.309612 0.228161 -0.263502
97 0.308656 0.227771 -0.262935
98 0.307336 0.227429 -0.262234
99 0.30557 0.227383 -0.26137
