0 1.98789 -2.97073 0.96892
1 1.97584 -2.94149 0.933769
2 1.96222 -2.91001 0.898031
3 1.95162 -2.88219 0.858937
4 1.94224 -2.85728 0.824777
5 1.93284 -2.83232 0.788978
6 1.92415 -2.80865 0.760177
7 1.91667 -2.78553 0.722428
8 1.91453 -2.77102 0.690896
9 1.90928 -2.75244 0.658888
10 1.90685 -2.73914 0.632539
11 1.9073 -2.73135 0.613772
12 1.90743 -2.72142 0.586237
13 1.90779 -2.71035 0.555921
14 1.91 -2.70121 0.520657
15 1.91306 -2.69443 0.490224
16 1.91699 -2.68864 0.45348
17 1.92154 -2.68512 0.427418
18 1.92889 -2.68453 0.399147
19 1.93665 -2.68455 0.373098
20 1.94408 -2.68692 0.359824
21 1.95082 -2.6885 0.350219
22 1.9577 -2.68984 0.335535
23 1.96348 -2.68915 0.3169
24 1.97026 -2.69119 0.303684
25 1.97416 -2.6871 0.274008
26 1.97838 -2.68438 0.244051
27 1.98173 -2.68018 0.211433
28 1.9806 -2.67141 0.185615
29 1.9767 -2.65959 0.164123
30 1.97677 -2.65305 0.144265
31 1.97589 -2.64507 0.127499
32 1.97907 -2.6431 0.111986
33 1.98447 -2.64326 0.0918882
34 1.98604 -2.63863 0.0722146
35 1.98834 -2.63511 0.0480843
36 1.99359 -2.63597 0.0256079
37 1.99682 -2.63463 0.00671923
38 1.99918 -2.63124 -0.0179387
39 2.00517 -2.6328 -0.0441464
40 2.01136 -2.63605 -0.0618771
41 2.01805 -2.64047 -0.0740762
42 2.0244 -2.64363 -0.08805
43 2.02946 -2.64574 -0.101712
44 2.03791 -2.65193 -0.116169
45 2.04571 -2.65746 -0.129073
46 2.05705 -2.66799 -0.138747
47 2.06526 -2.67451 -0.148759
48 2.0671 -2.67157 -0.166196
49 2.06895 -2.66967 -0.178778
50 2.07187 -2.6687 -0.193191
51 2.07219 -2.6647 -0.207114
52 2.0726 -2.66081 -0.221029
53 2.0748 -2.65937 -0.23497
54 2.07304 -2.65252 -0.24883
55 2.07236 -2.64728 -0.263615
56 2.07206 -2.64242 -0.278916
57 2.07369 -2.64036 -0.29068
58 2.07863 -2.64191 -0.305755
59 2.08431 -2.6448 -0.318596
60 2.09113 -2.64912 -0.333021
61 2.09861 -2.65512 -0.344349
62 2.1088 -2.66559 -0.351314
63 2.11846 -2.67564 -0.356626
64 2.12482 -2.68239 -0.361321
65 2.12937 -2.68655 -0.367132
66 2.13545 -2.69327 -0.3704
67 2.14164 -2.70029 -0.371216
68 2.14769 -2.70773 -0.36955
69 2.15143 -2.71165 -0.37148
70 2.15776 -2.71969 -0.368608
71 2.164 -2.72748 -0.365019
72 2.17045 -2.73562 -0.361529
73 2.17147 -2.73669 -0.357862
74 2.17467 -2.74106 -0.353413
75 2.17831 -2.74551 -0.351114
76 2.18044 -2.74796 -0.351118
77 2.18867 -2.75928 -0.346373
78 2.19235 -2.76476 -0.339924
79 2.195 -2.76898 -0.334296
80 2.19928 -2.77504 -0.331969
81 2.19954 -2.77516 -0.334022
82 2.19794 -2.77154 -0.341813
83 2.19388 -2.76475 -0.349226
84 2.19064 -2.75944 -0.354161
85 2.18992 -2.75725 -0.359922
86 2.18548 -2.75067 -0.360676
87 2.18043 -2.74354 -0.358168
88 2.17506 -2.7357 -0.356458
89 2.1685 -2.72614 -0.356105
90 2.16011 -2.7142 -0.356414
91 2.14698 -2.69564 -0.357914
92 2.13725 -2.68226 -0.35541
93 2.12355 -2.66283 -0.353785
94 2.11039 -2.64457 -0.352257
95 2.10023 -2.62979 -0.354437
96 2.08974 -2.61473 -0.353533
97 2.08198 -2.60219 -0.359228
98 2.07298 -2.5869 -0.370148
99 2.06259 -2.56887 -0.391175
