0.0255105
0.0242999
0.0232436
0.0223396
0.0215191
0.0207546
0.020011
0.0192752
0.018603
0.0179627
0.0173697
0.016839
0.0163749
0.0159728
0.0156103
0.0152816
0.0150195
0.0147797
0.0145616
0.0143629
0.0141567
0.0139645
0.0137825
0.0136014
0.0134457
0.0133018
0.0131412
0.0129715
0.0128003
0.0126405
0.0124855
0.0123276
0.0121804
0.01204
0.0118953
0.0117576
0.0116315
0.0115049
0.0113841
0.011261
0.0111305
0.0110065
0.0108789
0.0107401
0.0105989
0.0104652
0.0103593
0.0102555
0.0101555
0.010067
0.00997707
0.00989482
0.00981365
0.00974065
0.0096746
0.00960929
0.00954452
0.00948252
0.00942814
0.00937116
0.00931398
0.00925548
0.00920125
0.00914422
0.00908766
0.00903333
0.0089842
0.00893404
0.00888681
0.00883896
0.0087997
0.00876099
0.00872757
0.00869691
0.00866921
0.00864073
0.00861674
0.00858966
0.00856099
0.0085304
0.00850193
0.00847297
0.00844417
0.00841497
0.00838216
0.00835349
0.0083295
0.00830254
0.00827159
0.00823886
0.00820336
0.00816546
0.00812576
0.00808814
0.00805132
0.00801463
0.0079732
0.00793563
0.00790101
0.00787162
