0 0.34472 0.177701 -0.260694
1 0.340509 0.180944 -0.259681
2 0.336984 0.183911 -0.258754
3 0.334083 0.186554 -0.258357
4 0.331287 0.189001 -0.258393
5 0.328192 0.19123 -0.258283
6 0.325288 0.193795 -0.25791
7 0.322431 0.196092 -0.257902
8 0.31946 0.198488 -0.258025
9 0.316532 0.200697 -0.257812
10 0.3143 0.202781 -0.257273
11 0.312551 0.204654 -0.257006
12 0.311241 0.206516 -0.256318
13 0.309839 0.208213 -0.255679
14 0.308844 0.209991 -0.254517
15 0.308263 0.211356 -0.254198
16 0.307427 0.212573 -0.253678
17 0.306343 0.213641 -0.253614
18 0.305291 0.214884 -0.253807
19 0.304289 0.216358 -0.253432
20 0.303268 0.217848 -0.252739
21 0.302219 0.219293 -0.251929
22 0.301004 0.220842 -0.251069
23 0.299636 0.222301 -0.249951
24 0.298226 0.223557 -0.248924
25 0.296366 0.224877 -0.247861
26 0.294011 0.226329 -0.246835
27 0.291877 0.227739 -0.246042
28 0.290043 0.228991 -0.245565
29 0.288171 0.230132 -0.24506
30 0.286257 0.231442 -0.244467
31 0.284204 0.23256 -0.24386
32 0.281933 0.233533 -0.243482
33 0.279319 0.234345 -0.242719
34 0.276957 0.235212 -0.241976
35 0.274574 0.236122 -0.240992
36 0.272429 0.237018 -0.239968
37 0.270498 0.237716 -0.239061
38 0.268708 0.23837 -0.238386
39 0.266995 0.239015 -0.237841
40 0.26552 0.239628 -0.237385
41 0.264146 0.240369 -0.236853
42 0.262735 0.240919 -0.236637
43 0.260861 0.241625 -0.236339
44 0.259249 0.241992 -0.236014
45 0.257978 0.242162 -0.235754
46 0.25708 0.242555 -0.235459
47 0.256352 0.243139 -0.235263
48 0.255637 0.243743 -0.235274
49 0.254966 0.244242 -0.235699
50 0.254408 0.244923 -0.236328
51 0.253916 0.245543 -0.236733
52 0.253731 0.246266 -0.237108
53 0.253521 0.24684 -0.23708
54 0.253316 0.24728 -0.237024
55 0.252931 0.247598 -0.237055
56 0.252673 0.247747 -0.237003
57 0.252624 0.247839 -0.236863
58 0.252753 0.248066 -0.23661
59 0.252825 0.248186 -0.236328
60 0.252864 0.248438 -0.236
61 0.253101 0.248553 -0.235803
62 0.253259 0.248704 -0.235552
63 0.253274 0.248813 -0.235213
64 0.253166 0.248907 -0.235221
65 0.252852 0.248794 -0.235153
66 0.252683 0.248913 -0.235079
67 0.252308 0.249174 -0.23477
68 0.25197 0.249392 -0.23466
69 0.251658 0.249587 -0.234515
70 0.251358 0.249743 -0.234274
71 0.251171 0.249627 -0.233936
72 0.250835 0.249384 -0.233308
73 0.250328 0.249301 -0.232755
74 0.249857 0.249308 -0.232321
75 0.249263 0.249295 -0.232039
76 0.248505 0.249168 -0.231698
77 0.24777 0.249088 -0.231307
78 0.247239 0.249019 -0.230986
79 0.24671 0.249007 -0.23063
80 0.246285 0.249035 -0.230276
81 0.245729 0.249123 -0.230096
82 0.245271 0.249236 -0.229784
83 0.244855 0.24954 -0.229547
84 0.244299 0.249835 -0.22933
85 0.243651 0.250082 -0.229337
86 0.242901 0.25031 -0.22964
87 0.242032 0.250581 -0.23003
88 0.240981 0.250865 -0.230434
89 0.239863 0.251128 -0.230922
90 0.238776 0.251283 -0.231547
91 0.237468 0.251426 -0.231978
92 0.236291 0.25171 -0.23234
93 0.2352 0.252095 -0.232686
94 0.234101 0.252419 -0.23286
95 0.232757 0.252752 -0.232753
96 0.231602 0.252997 -0.232747
97 0.23041 0.253266 -0.232625
98 0.229275 0.25343 -0.232665
99 0.228351 0.253531 -0.23276
