0 1.9924 -2.95068 0.899343
1 1.98677 -2.90513 0.79892
2 1.98182 -2.86336 0.71008
3 1.98185 -2.83297 0.633323
4 1.98663 -2.81054 0.56054
5 1.98916 -2.78611 0.48831
6 1.98905 -2.75731 0.413208
7 1.99285 -2.73576 0.343505
8 1.99841 -2.71697 0.270485
9 1.99999 -2.69321 0.200123
10 1.99745 -2.66609 0.140373
11 1.99739 -2.6447 0.0899287
12 1.99173 -2.6182 0.044605
13 1.98642 -2.59328 0.000933051
14 1.97475 -2.5607 -0.0391692
15 1.97234 -2.54354 -0.0677255
16 1.96705 -2.52348 -0.0969163
17 1.96654 -2.51139 -0.126438
18 1.96938 -2.504 -0.158634
19 1.96581 -2.48728 -0.194229
20 1.95878 -2.46598 -0.23034
21 1.94984 -2.4431 -0.266003
22 1.94065 -2.41923 -0.305565
23 1.92879 -2.39169 -0.345609
24 1.91812 -2.36613 -0.382863
25 1.90706 -2.33936 -0.426481
26 1.89669 -2.3128 -0.478238
27 1.88868 -2.29018 -0.526793
28 1.88416 -2.27317 -0.56925
29 1.87936 -2.25578 -0.610412
30 1.87407 -2.23699 -0.654681
31 1.86854 -2.21823 -0.697801
32 1.86552 -2.20322 -0.740981
33 1.85822 -2.18168 -0.785984
34 1.85113 -2.1612 -0.82876
35 1.84147 -2.13675 -0.872364
36 1.83114 -2.11206 -0.912663
37 1.8214 -2.08947 -0.947423
38 1.81408 -2.0706 -0.980008
39 1.80788 -2.05377 -1.01174
40 1.80216 -2.03847 -1.04026
41 1.79545 -2.02219 -1.06961
42 1.79209 -2.01082 -1.0964
43 1.78838 -1.99791 -1.13155
44 1.78381 -1.98469 -1.158
45 1.77945 -1.97341 -1.17679
46 1.7748 -1.96176 -1.1944
47 1.77135 -1.95184 -1.21315
48 1.7707 -1.94559 -1.23201
49 1.77477 -1.94614 -1.2485
50 1.78136 -1.95032 -1.26635
51 1.78497 -1.95098 -1.28241
52 1.78824 -1.95143 -1.29621
53 1.78682 -1.9457 -1.30804
54 1.7849 -1.93937 -1.31755
55 1.78401 -1.93452 -1.32723
56 1.78171 -1.92848 -1.33251
57 1.77812 -1.92139 -1.3342
58 1.77323 -1.91244 -1.33575
59 1.76787 -1.90309 -1.33619
60 1.76224 -1.89281 -1.33918
61 1.75785 -1.8849 -1.33744
62 1.75293 -1.87607 -1.33684
63 1.74707 -1.86578 -1.33704
64 1.74557 -1.8612 -1.33856
65 1.74314 -1.85553 -1.33941
66 1.74073 -1.84985 -1.34218
67 1.73601 -1.84031 -1.34961
68 1.73372 -1.83399 -1.3558
69 1.73102 -1.82755 -1.36148
70 1.72737 -1.81965 -1.36637
71 1.7221 -1.81037 -1.36548
72 1.71353 -1.79682 -1.36425
73 1.7064 -1.78447 -1.36799
74 1.70084 -1.77413 -1.37261
75 1.69739 -1.76645 -1.37871
76 1.69311 -1.7576 -1.38495
77 1.68814 -1.74774 -1.39164
78 1.68368 -1.73911 -1.39599
79 1.67884 -1.72979 -1.40122
80 1.674 -1.7206 -1.40596
81 1.67154 -1.71404 -1.41335
82 1.6674 -1.70549 -1.41981
83 1.66443 -1.69801 -1.42875
84 1.66173 -1.69093 -1.43955
85 1.66194 -1.6877 -1.45098
86 1.6658 -1.68913 -1.46346
87 1.67095 -1.69174 -1.47798
88 1.67656 -1.69445 -1.49488
89 1.68318 -1.69867 -1.51206
90 1.69138 -1.70485 -1.52717
91 1.69734 -1.70777 -1.54468
92 1.70274 -1.70965 -1.56306
93 1.70796 -1.71123 -1.58194
94 1.71098 -1.71 -1.60014
95 1.71075 -1.70398 -1.62148
96 1.71125 -1.69986 -1.63918
97 1.71039 -1.69417 -1.65774
98 1.71131 -1.69127 -1.67402
99 1.7127 -1.68941 -1.68694
