1.0272
0.251605
0.16849
0.134894
0.116703
0.104376
0.0939111
0.0842951
0.0758975
0.0695541
0.0650405
0.0616855
0.0593077
0.057484
0.0560343
0.0549144
0.0540286
0.0532533
0.0525382
0.0519159
0.0513531
0.0507755
0.0502834
0.049848
0.0494039
0.0489633
0.0485052
0.0480678
0.0475738
0.0469614
0.0461845
0.045168
0.0438303
0.0419034
0.0393041
0.0362306
0.0331859
0.0304087
0.0280873
0.0263184
0.0248893
0.0238622
0.0230263
0.0223203
0.0217106
0.021149
0.0206292
0.0201534
0.0197018
0.0192087
0.0187289
0.0182399
0.0176779
0.0171128
0.0165799
0.0160269
0.0154588
0.0149154
0.0143676
0.0138655
0.0134298
0.0130379
0.0126646
0.0123282
0.0120181
0.0117288
0.0114522
0.0112104
0.0109962
0.0107702
0.0105713
0.0103769
0.0101862
0.0100126
0.00983596
0.00966358
0.00950217
0.00935336
0.00920291
0.00905503
0.00892897
0.00881304
0.0086997
0.00859137
0.00849301
0.00839084
0.00829328
0.0082026
0.00810926
0.00802353
0.007944
0.00785975
0.00776282
0.0076818
0.00760361
0.00751801
0.00743193
0.00733922
0.00725797
0.00718212
