0 0.0796695 0.27405 -0.0695598
1 0.00841347 0.309754 0.0112009
2 -0.01182 0.329429 0.0609158
3 -0.0145833 0.347493 0.0913094
4 -0.0107172 0.364551 0.112411
5 -0.00970765 0.37787 0.127413
6 -0.0103873 0.3902 0.138655
7 -0.0143242 0.402578 0.147532
8 -0.0190463 0.41539 0.152383
9 -0.0221715 0.4293 0.155285
10 -0.0220059 0.443181 0.157299
11 -0.019584 0.455417 0.159193
12 -0.0162069 0.466471 0.160854
13 -0.0130338 0.476614 0.162727
14 -0.0102478 0.485908 0.164561
15 -0.00761383 0.494275 0.166178
16 -0.00574966 0.502043 0.167957
17 -0.00453772 0.509547 0.16983
18 -0.00333746 0.516588 0.171579
19 -0.00238427 0.523325 0.173206
20 -0.0013157 0.530008 0.174373
21 -0.000324209 0.536299 0.175603
22 0.000325243 0.542059 0.176649
23 0.000973265 0.5472 0.177648
24 0.00145407 0.551533 0.178405
25 0.00166459 0.555547 0.179203
26 0.00191749 0.559112 0.179641
27 0.00235958 0.56185 0.179667
28 0.00332619 0.564265 0.178889
29 0.00457789 0.566174 0.177265
30 0.00623284 0.567871 0.174837
31 0.00858591 0.568749 0.171535
32 0.0119411 0.569158 0.167332
33 0.016445 0.569113 0.16203
34 0.022107 0.567908 0.155472
35 0.0275606 0.566346 0.149096
36 0.0331818 0.564895 0.143408
37 0.0389883 0.563936 0.138829
38 0.0441614 0.563356 0.135477
39 0.048728 0.563367 0.133256
40 0.0521585 0.563537 0.131659
41 0.0546737 0.564195 0.130792
42 0.0565736 0.56497 0.130635
43 0.0585032 0.565847 0.130649
44 0.0599341 0.566855 0.130802
45 0.0608566 0.567973 0.131382
46 0.0621153 0.569114 0.131741
47 0.0631091 0.570281 0.132284
48 0.0639546 0.571501 0.132773
49 0.0646019 0.572568 0.133287
50 0.0651978 0.573419 0.133791
51 0.0657826 0.573877 0.134179
52 0.0663721 0.574037 0.134698
53 0.0667584 0.574161 0.135149
54 0.067451 0.57399 0.13556
55 0.0681728 0.573635 0.135874
56 0.0694354 0.573216 0.13587
57 0.0709815 0.572677 0.135879
58 0.0725835 0.57199 0.135804
59 0.0740854 0.571361 0.135897
60 0.0754958 0.570886 0.136035
61 0.0769587 0.570431 0.136056
62 0.0786862 0.56983 0.136015
63 0.0803306 0.569205 0.136024
64 0.0821627 0.568538 0.136013
65 0.0839757 0.567992 0.136059
66 0.0860529 0.567362 0.136041
67 0.088253 0.566633 0.135894
68 0.0905441 0.566017 0.135669
69 0.0930754 0.565499 0.135288
70 0.0962158 0.565002 0.134902
71 0.0992408 0.564676 0.134489
72 0.102208 0.564413 0.134032
73 0.105128 0.564149 0.133368
74 0.108182 0.563962 0.13264
75 0.11112 0.563805 0.132039
76 0.113989 0.563734 0.131649
77 0.116901 0.56387 0.131109
78 0.119557 0.563998 0.13071
79 0.122374 0.564169 0.130189
80 0.124869 0.564276 0.129702
81 0.126998 0.564569 0.12942
82 0.129164 0.564814 0.129105
83 0.131151 0.565016 0.128917
84 0.132536 0.565156 0.128876
85 0.133811 0.565157 0.128784
86 0.135064 0.565148 0.128793
87 0.136308 0.565036 0.128791
88 0.13732 0.564914 0.128856
89 0.138176 0.564983 0.129003
90 0.139001 0.564922 0.129061
91 0.139882 0.564759 0.129138
92 0.140855 0.564541 0.129179
93 0.141728 0.564272 0.12917
94 0.142331 0.563939 0.129206
95 0.142879 0.563539 0.129177
96 0.14332 0.563012 0.129162
97 0.143752 0.562447 0.129113
98 0.144115 0.561951 0.129088
99 0.144348 0.561247 0.129093
