0 0.799578 1.81091 -3.43981
1 0.0361176 3.36402 -4.95026
2 -0.545124 4.27349 -5.51581
3 -0.944496 4.83313 -5.77572
4 -1.25282 5.23368 -5.90518
5 -1.48374 5.5216 -6.03692
6 -1.66295 5.73969 -6.18631
7 -1.79804 5.90598 -6.39269
8 -1.87219 5.99667 -6.61562
9 -1.91839 6.0526 -6.8187
10 -1.95954 6.09876 -6.96127
11 -2.00456 6.14808 -7.04622
12 -2.04829 6.19533 -7.10217
13 -2.09199 6.24442 -7.15288
14 -2.1322 6.29014 -7.20218
15 -2.16846 6.33134 -7.24502
16 -2.20347 6.37207 -7.29564
17 -2.23638 6.41118 -7.3549
18 -2.26782 6.44823 -7.40935
19 -2.2967 6.48202 -7.4649
20 -2.32068 6.50842 -7.5171
21 -2.34587 6.53545 -7.5663
22 -2.36794 6.55772 -7.61551
23 -2.39104 6.5791 -7.65852
24 -2.41114 6.59578 -7.69614
25 -2.43098 6.61194 -7.73531
26 -2.44749 6.62235 -7.76965
27 -2.46133 6.6276 -7.79287
28 -2.46961 6.62264 -7.8047
29 -2.471 6.60613 -7.80764
30 -2.46781 6.57954 -7.80295
31 -2.46047 6.54348 -7.78013
32 -2.45185 6.49905 -7.73829
33 -2.44001 6.44395 -7.67508
34 -2.42308 6.37491 -7.58342
35 -2.40747 6.30841 -7.49253
36 -2.39938 6.25409 -7.40046
37 -2.40265 6.21789 -7.30921
38 -2.41381 6.19782 -7.23122
39 -2.43217 6.19242 -7.16778
40 -2.44912 6.19144 -7.12357
41 -2.46754 6.19737 -7.09817
42 -2.48983 6.21173 -7.08326
43 -2.51306 6.22982 -7.06799
44 -2.53484 6.24762 -7.06143
45 -2.55861 6.26947 -7.0637
46 -2.58123 6.2892 -7.06044
47 -2.60415 6.31025 -7.06166
48 -2.62565 6.33007 -7.06587
49 -2.64674 6.34909 -7.07183
50 -2.66811 6.36786 -7.07673
51 -2.68873 6.38518 -7.07819
52 -2.71147 6.40461 -7.07695
53 -2.7322 6.4219 -7.07864
54 -2.75416 6.44035 -7.07279
55 -2.7752 6.45725 -7.06451
56 -2.79514 6.47178 -7.04634
57 -2.81693 6.48802 -7.02245
58 -2.83755 6.50301 -6.99632
59 -2.85893 6.51956 -6.97208
60 -2.8794 6.53594 -6.95021
61 -2.89834 6.55046 -6.92743
62 -2.91739 6.56506 -6.89879
63 -2.9362 6.57963 -6.87128
64 -2.95534 6.59449 -6.84026
65 -2.97469 6.60978 -6.81062
66 -2.99405 6.62501 -6.77564
67 -3.012 6.63879 -6.73768
68 -3.02927 6.65135 -6.69934
69 -3.04547 6.66232 -6.65764
70 -3.06489 6.67605 -6.60589
71 -3.08286 6.6885 -6.55767
72 -3.09967 6.69983 -6.51097
73 -3.11347 6.70761 -6.4652
74 -3.12684 6.71496 -6.41783
75 -3.14092 6.72355 -6.37279
76 -3.15702 6.73495 -6.32967
77 -3.17138 6.7443 -6.28759
78 -3.18615 6.75449 -6.24955
79 -3.19999 6.76342 -6.2091
80 -3.21228 6.77137 -6.17317
81 -3.22474 6.78054 -6.14469
82 -3.23703 6.78946 -6.11527
83 -3.25 6.79944 -6.08822
84 -3.26168 6.80878 -6.07029
85 -3.2722 6.81688 -6.05276
86 -3.28365 6.82642 -6.03549
87 -3.29507 6.83583 -6.01733
88 -3.30601 6.84524 -6.00292
89 -3.31697 6.85492 -5.99269
90 -3.3267 6.86318 -5.98199
91 -3.33725 6.87228 -5.96936
92 -3.34755 6.88126 -5.95465
93 -3.35677 6.88877 -5.94111
94 -3.36518 6.89568 -5.93132
95 -3.37257 6.90154 -5.92195
96 -3.37987 6.90717 -5.91327
97 -3.38645 6.91217 -5.90428
98 -3.39257 6.91723 -5.89711
99 -3.39856 6.9222 -5.89026
