0.460564
0.184371
0.118108
0.0896196
0.073068
0.062254
0.0542623
0.0479495
0.0429182
0.0389031
0.0356572
0.0330006
0.030656
0.0287627
0.027189
0.0258722
0.0246924
0.0237321
0.0228413
0.0220627
0.0213128
0.0206875
0.0201284
0.0195753
0.0191124
0.0186672
0.018257
0.0178507
0.0174699
0.0170834
0.0167295
0.0163978
0.0160704
0.0157495
0.0154811
0.0152313
0.0149904
0.0147769
0.014563
0.0143565
0.0141705
0.013966
0.0137501
0.0135648
0.0133654
0.0132174
0.0130569
0.0128856
0.012726
0.0125945
0.0124599
0.0123366
0.0121913
0.012061
0.0119486
0.0118404
0.0117488
0.0116591
0.0115614
0.011462
0.0113709
0.0112748
0.0111741
0.0110886
0.010991
0.0108985
0.0107987
0.0107126
0.0106228
0.0105412
0.0104596
0.0103864
0.0103152
0.0102364
0.0101561
0.0100916
0.010022
0.0099561
0.00988242
0.00982604
0.00976528
0.0096952
0.00963668
0.0095688
0.00949428
0.00943858
0.00937481
0.00931564
0.00926114
0.00919835
0.0091308
0.00906461
0.0090006
0.0089362
0.00888142
0.00882976
0.00878395
0.00873423
0.00867917
0.00862589
