0 0.164285 0.251374 -0.215676
1 0.0966146 0.279315 -0.199667
2 0.064934 0.296021 -0.18512
3 0.0469121 0.306893 -0.168631
4 0.0367916 0.314233 -0.151408
5 0.0306047 0.319409 -0.134196
6 0.0274088 0.323029 -0.117781
7 0.0257354 0.325829 -0.102865
8 0.0251269 0.328249 -0.0893456
9 0.0244062 0.330757 -0.0771346
10 0.0243384 0.333447 -0.066839
11 0.0247521 0.33611 -0.0569632
12 0.0257312 0.338465 -0.0483733
13 0.0267333 0.340647 -0.0407859
14 0.0280969 0.342945 -0.0340529
15 0.0294008 0.345304 -0.0279418
16 0.0302765 0.347483 -0.0222773
17 0.0313144 0.349416 -0.0169157
18 0.0319442 0.351587 -0.0124112
19 0.0323787 0.353714 -0.00825679
20 0.0327335 0.355418 -0.00466713
21 0.0334571 0.357008 -0.00145333
22 0.0340364 0.358745 0.00179005
23 0.034773 0.360182 0.00487719
24 0.0353458 0.361781 0.00793449
25 0.0358975 0.362911 0.0105362
26 0.0367747 0.364062 0.0128896
27 0.0373499 0.365218 0.0149135
28 0.0381555 0.366648 0.0166681
29 0.0388173 0.368181 0.0186163
30 0.0392253 0.370209 0.0203691
31 0.0398698 0.37237 0.0220922
32 0.0403033 0.374487 0.0236918
33 0.0404809 0.376266 0.025334
34 0.0404569 0.377928 0.0271691
35 0.0404507 0.379321 0.0289744
36 0.0404349 0.380792 0.0308823
37 0.0405813 0.382361 0.0325584
38 0.0410254 0.3839 0.0340534
39 0.0415143 0.385591 0.0351346
40 0.0420795 0.387336 0.0363315
41 0.0425093 0.389232 0.0373316
42 0.0429592 0.391229 0.0381428
43 0.0432515 0.393225 0.038843
44 0.0436537 0.395209 0.0395202
45 0.044028 0.397184 0.0400119
46 0.0444471 0.399032 0.040527
47 0.0449797 0.40072 0.041025
48 0.0453771 0.402488 0.0416468
49 0.0457785 0.404186 0.0423606
50 0.0462174 0.405785 0.0430782
51 0.0469951 0.407539 0.043533
52 0.0477575 0.409403 0.0439638
53 0.0486086 0.411072 0.0442073
54 0.0495504 0.412593 0.0444714
55 0.0504812 0.413921 0.0446343
56 0.0511075 0.415261 0.0451347
57 0.0518566 0.416619 0.0456818
58 0.05285 0.417816 0.0460157
59 0.0538997 0.419168 0.046228
60 0.0548985 0.420572 0.0464345
61 0.0557905 0.421967 0.0466469
62 0.0567522 0.42351 0.0468661
63 0.057698 0.424968 0.0469866
64 0.0587603 0.426307 0.0468399
65 0.0599284 0.427479 0.0465902
66 0.061006 0.42868 0.0464598
67 0.0622256 0.429698 0.0464092
68 0.0634725 0.430727 0.0462666
69 0.0645408 0.431708 0.0458634
70 0.0655759 0.432644 0.0456155
71 0.0664278 0.4335 0.0457274
72 0.0673814 0.434406 0.0458449
73 0.0683394 0.435112 0.0460694
74 0.069121 0.435826 0.0464949
75 0.0697599 0.436606 0.0468405
76 0.0704236 0.437332 0.0473698
77 0.0711133 0.438126 0.0477471
78 0.0717975 0.439068 0.0480335
79 0.072422 0.439966 0.0481598
80 0.0729173 0.441061 0.0484423
81 0.0734611 0.442341 0.0486859
82 0.0740871 0.443645 0.0487728
83 0.0746484 0.444969 0.0489881
84 0.075172 0.446076 0.0492167
85 0.0756141 0.447161 0.0495295
86 0.0759313 0.448253 0.0499366
87 0.0762127 0.449372 0.0504254
88 0.0766272 0.450532 0.0506892
89 0.0772081 0.451713 0.0508971
90 0.0778097 0.452854 0.0512384
91 0.0785116 0.453915 0.0516507
92 0.079025 0.455037 0.0522412
93 0.0794756 0.456106 0.0526443
94 0.0799725 0.457011 0.0528245
95 0.080514 0.457899 0.0529715
96 0.0811214 0.458755 0.0529943
97 0.0818356 0.45976 0.0528944
98 0.0824415 0.460765 0.0528478
99 0.0832147 0.461668 0.0526141
