0 1.7894 -1.38437 -2.217
1 1.68974 -0.903858 -3.4613
2 1.54891 -0.556528 -4.11305
3 1.36278 -0.211861 -4.51082
4 1.15471 0.12806 -4.75552
5 0.939924 0.4589 -4.91682
6 0.728605 0.770901 -5.01524
7 0.531759 1.05362 -5.08098
8 0.350517 1.30901 -5.12662
9 0.186661 1.53861 -5.17473
10 0.0457268 1.73349 -5.21554
11 -0.0915298 1.9193 -5.24858
12 -0.213554 2.08173 -5.26776
13 -0.322706 2.22528 -5.28447
14 -0.421505 2.35341 -5.29653
15 -0.511864 2.47012 -5.30992
16 -0.594917 2.57731 -5.3269
17 -0.67473 2.67895 -5.33804
18 -0.742077 2.76483 -5.35841
19 -0.80475 2.84387 -5.38105
20 -0.86031 2.91273 -5.39951
21 -0.911776 2.97535 -5.41088
22 -0.962616 3.03799 -5.42648
23 -1.01138 3.09811 -5.43559
24 -1.05926 3.15686 -5.44952
25 -1.10178 3.20807 -5.45785
26 -1.1422 3.25554 -5.46114
27 -1.17776 3.29691 -5.46919
28 -1.20998 3.33394 -5.47643
29 -1.24388 3.37322 -5.48679
30 -1.27395 3.40814 -5.50742
31 -1.30399 3.44309 -5.526
32 -1.33164 3.47517 -5.54696
33 -1.35915 3.50721 -5.56775
34 -1.38831 3.54161 -5.59041
35 -1.41697 3.57538 -5.60939
36 -1.44689 3.61072 -5.62944
37 -1.47416 3.64251 -5.64801
38 -1.49963 3.67184 -5.66154
39 -1.5199 3.69432 -5.6762
40 -1.5416 3.71893 -5.68966
41 -1.56042 3.7397 -5.70704
42 -1.57664 3.75729 -5.72524
43 -1.59121 3.77277 -5.74575
44 -1.60552 3.78767 -5.76422
45 -1.61746 3.79965 -5.78334
46 -1.63012 3.81226 -5.80027
47 -1.64315 3.82464 -5.81328
48 -1.65679 3.83831 -5.82934
49 -1.6714 3.85341 -5.84432
50 -1.68611 3.86853 -5.85741
51 -1.69805 3.88042 -5.86706
52 -1.70953 3.89183 -5.87815
53 -1.71922 3.90062 -5.88554
54 -1.72944 3.90988 -5.88955
55 -1.73838 3.91772 -5.89167
56 -1.7504 3.92986 -5.89887
57 -1.76329 3.94302 -5.90413
58 -1.77449 3.9535 -5.90366
59 -1.78422 3.96198 -5.90413
60 -1.79377 3.97036 -5.90617
61 -1.80317 3.97836 -5.90972
62 -1.81255 3.98663 -5.9137
63 -1.82057 3.99331 -5.91689
64 -1.82588 3.99622 -5.91681
65 -1.83036 3.9978 -5.91304
66 -1.836 4.00099 -5.91124
67 -1.84334 4.00584 -5.90521
68 -1.84962 4.00934 -5.8989
69 -1.85215 4.00834 -5.89491
70 -1.85635 4.00967 -5.89089
71 -1.86461 4.01612 -5.88878
72 -1.87332 4.02308 -5.88549
73 -1.88338 4.03173 -5.87974
74 -1.89525 4.04295 -5.87692
75 -1.90553 4.0526 -5.8772
76 -1.91814 4.06534 -5.87632
77 -1.92868 4.07569 -5.87585
78 -1.93803 4.0846 -5.8772
79 -1.94504 4.0907 -5.87898
80 -1.95353 4.0988 -5.88497
81 -1.96163 4.10634 -5.89223
82 -1.96801 4.11178 -5.89821
83 -1.97563 4.11894 -5.90548
84 -1.98346 4.12618 -5.91101
85 -1.9921 4.13433 -5.91764
86 -2.00134 4.14364 -5.92622
87 -2.01153 4.15403 -5.93547
88 -2.01936 4.16148 -5.94305
89 -2.02726 4.16859 -5.94813
90 -2.03703 4.17774 -5.95256
91 -2.04799 4.18823 -5.95448
92 -2.06045 4.20086 -5.9602
93 -2.07018 4.21034 -5.96644
94 -2.07738 4.21673 -5.9701
95 -2.0842 4.22268 -5.97299
96 -2.0895 4.22689 -5.97431
97 -2.09376 4.22928 -5.97571
98 -2.09827 4.23227 -5.97905
99 -2.10075 4.23294 -5.97857
